flower 0.121875 0.122083 0.058750 0.034167
leaf 0.198750 0.099583 0.042500 0.029167
leaf 0.148750 0.090000 0.035000 0.041667
leaf 0.232500 0.192083 0.017500 0.044167
leaf 0.216875 0.190833 0.021250 0.041667
leaf 0.164375 0.188750 0.033750 0.027500
leaf 0.249375 0.230417 0.033750 0.030833
leaf 0.198125 0.129167 0.041250 0.028333
leaf 0.218750 0.245417 0.052500 0.027500
leaf 0.188750 0.219167 0.047500 0.035000
leaf 0.310625 0.289583 0.018750 0.029167
leaf 0.267500 0.258750 0.037500 0.022500
leaf 0.334375 0.346667 0.073750 0.046667
leaf 0.425000 0.434583 0.090000 0.055833
leaf 0.474375 0.487500 0.051250 0.053333
leaf 0.576875 0.616667 0.026250 0.031667
leaf 0.606250 0.662917 0.055000 0.049167
stem 0.691250 0.743333 0.122500 0.113333
stem 0.924375 0.757917 0.108750 0.257500
stem 0.533750 0.558333 0.067500 0.080000
stem 0.390000 0.387500 0.042500 0.038333
leaf 0.047500 0.096250 0.092500 0.097500
leaf 0.874375 0.905417 0.051250 0.034167
leaf 0.821875 0.864167 0.091250 0.050000
stem 0.870625 0.950417 0.033750 0.049167
