flower 0.848125 0.265417 0.043750 0.037500
flower 0.860000 0.302917 0.050000 0.035833
flower 0.795000 0.418333 0.052500 0.023333
flower 0.743750 0.413333 0.052500 0.028333
flower 0.711875 0.457083 0.033750 0.022500
flower 0.843125 0.457500 0.026250 0.020000
flower 0.780625 0.514167 0.016250 0.021667
flower 0.825625 0.478750 0.008750 0.010833
flower 0.811875 0.455000 0.021250 0.033333
flower 0.720625 0.757083 0.018750 0.017500
leaf 0.196875 0.694583 0.036250 0.042500
leaf 0.211875 0.572500 0.051250 0.058333
leaf 0.283750 0.455833 0.037500 0.066667
leaf 0.580625 0.372083 0.068750 0.059167
leaf 0.588125 0.447083 0.028750 0.094167
leaf 0.450000 0.209583 0.067500 0.149167
leaf 0.329375 0.245000 0.048750 0.146667
leaf 0.381875 0.215000 0.098750 0.126667
stem 0.533125 0.277917 0.098750 0.127500
stem 0.390000 0.132083 0.085000 0.059167
leaf 0.280000 0.397500 0.025000 0.046667
stem 0.310625 0.347500 0.046250 0.058333
leaf 0.590000 0.517500 0.010000 0.038333
stem 0.608750 0.563750 0.025000 0.129167
leaf 0.610000 0.656250 0.030000 0.059167
leaf 0.620625 0.733333 0.021250 0.030000
flower 0.708125 0.478750 0.018750 0.010833
stem 0.713750 0.567917 0.052500 0.160833
stem 0.751250 0.660417 0.100000 0.174167
stem 0.801875 0.534167 0.043750 0.095000
stem 0.655625 0.860000 0.093750 0.205000
stem 0.235000 0.675833 0.050000 0.146667
stem 0.253125 0.516667 0.036250 0.053333
stem 0.616250 0.702500 0.025000 0.031667
