leaf 0.551250 0.246667 0.085000 0.123333
leaf 0.565625 0.121250 0.111250 0.129167
leaf 0.712500 0.132500 0.235000 0.081667
leaf 0.299375 0.055000 0.226250 0.056667
leaf 0.263125 0.154167 0.353750 0.148333
leaf 0.266875 0.274583 0.263750 0.099167
leaf 0.082500 0.233750 0.100000 0.097500
leaf 0.295625 0.372917 0.306250 0.102500
leaf 0.322500 0.461667 0.260000 0.093333
leaf 0.596250 0.387500 0.082500 0.128333
leaf 0.721250 0.366667 0.182500 0.150000
leaf 0.668125 0.466667 0.093750 0.060000
leaf 0.646875 0.542083 0.121250 0.134167
leaf 0.368750 0.538750 0.227500 0.054167
leaf 0.448750 0.595833 0.122500 0.081667
leaf 0.543750 0.595833 0.065000 0.093333
leaf 0.479375 0.724583 0.138750 0.182500
leaf 0.621875 0.692083 0.116250 0.077500
leaf 0.700000 0.723750 0.130000 0.084167
fruit 0.579375 0.762917 0.086250 0.074167
fruit 0.520000 0.690417 0.065000 0.054167
fruit 0.328125 0.641667 0.033750 0.060000
fruit 0.303750 0.553333 0.035000 0.040000
flower 0.233750 0.500417 0.065000 0.044167
flower 0.568750 0.480000 0.062500 0.038333
flower 0.540625 0.536667 0.053750 0.043333
flower 0.576250 0.607917 0.037500 0.027500
flower 0.528750 0.412083 0.052500 0.045833
flower 0.545000 0.344167 0.047500 0.045000
flower 0.471250 0.287083 0.050000 0.047500
flower 0.483750 0.212083 0.045000 0.032500
flower 0.115000 0.316250 0.057500 0.035833
flower 0.120625 0.385833 0.056250 0.045000
flower 0.435000 0.146667 0.045000 0.031667
flower 0.521875 0.094167 0.036250 0.018333
flower 0.091250 0.124167 0.030000 0.025000
flower 0.095000 0.192500 0.037500 0.028333
stem 0.476250 0.139583 0.055000 0.075833
stem 0.451250 0.195417 0.037500 0.069167
stem 0.480625 0.249167 0.026250 0.038333
stem 0.503125 0.307500 0.041250 0.076667
stem 0.546875 0.072917 0.086250 0.019167
stem 0.087500 0.304167 0.022500 0.036667
stem 0.535000 0.374583 0.030000 0.052500
stem 0.550625 0.456250 0.026250 0.069167
stem 0.561250 0.517917 0.027500 0.037500
stem 0.562500 0.783333 0.020000 0.033333
stem 0.505000 0.900833 0.137500 0.160000
stem 0.371875 0.677500 0.048750 0.056667
stem 0.315625 0.593333 0.048750 0.043333
stem 0.340000 0.620833 0.027500 0.030000
stem 0.262500 0.535000 0.042500 0.055000
stem 0.190000 0.437917 0.082500 0.082500
stem 0.138750 0.363333 0.035000 0.058333
leaf 0.705000 0.249167 0.225000 0.105000
