fruit 0.367500 0.099167 0.025000 0.031667
fruit 0.421875 0.175000 0.041250 0.015000
fruit 0.707500 0.293750 0.055000 0.019167
fruit 0.718750 0.220000 0.042500 0.016667
flower 0.393125 0.126250 0.048750 0.039167
flower 0.400625 0.162500 0.056250 0.041667
flower 0.522500 0.071250 0.075000 0.040833
flower 0.480625 0.105417 0.086250 0.045833
flower 0.535000 0.154167 0.055000 0.038333
flower 0.598125 0.127500 0.088750 0.058333
flower 0.507500 0.226250 0.065000 0.034167
flower 0.495625 0.280833 0.046250 0.038333
flower 0.531250 0.262083 0.042500 0.040833
flower 0.575000 0.252083 0.057500 0.039167
flower 0.635000 0.281667 0.050000 0.043333
flower 0.610625 0.212917 0.063750 0.057500
flower 0.570000 0.215833 0.050000 0.035000
flower 0.664375 0.188750 0.058750 0.070833
flower 0.758125 0.191250 0.098750 0.039167
flower 0.693125 0.244167 0.066250 0.043333
flower 0.798750 0.298333 0.057500 0.040000
flower 0.863125 0.296250 0.061250 0.040833
flower 0.662500 0.368750 0.022500 0.022500
flower 0.543125 0.348750 0.053750 0.035833
leaf 0.756875 0.572083 0.061250 0.057500
leaf 0.844375 0.590417 0.068750 0.044167
leaf 0.862500 0.543333 0.090000 0.058333
leaf 0.678125 0.477917 0.086250 0.072500
leaf 0.651875 0.430833 0.083750 0.040000
leaf 0.594375 0.437083 0.051250 0.117500
leaf 0.496250 0.419167 0.097500 0.060000
leaf 0.437500 0.384167 0.060000 0.028333
leaf 0.386250 0.384583 0.067500 0.035833
leaf 0.318125 0.336250 0.028750 0.042500
leaf 0.252500 0.296667 0.055000 0.040000
leaf 0.183125 0.242917 0.033750 0.020833
leaf 0.286250 0.261250 0.070000 0.022500
leaf 0.419375 0.353333 0.071250 0.030000
leaf 0.463750 0.338750 0.030000 0.049167
leaf 0.498750 0.358333 0.035000 0.055000
leaf 0.525000 0.383333 0.042500 0.030000
leaf 0.733750 0.344167 0.062500 0.078333
leaf 0.841875 0.339167 0.158750 0.046667
leaf 0.665000 0.334167 0.090000 0.055000
leaf 0.568125 0.324583 0.093750 0.072500
leaf 0.375625 0.238333 0.091250 0.080000
leaf 0.748750 0.250833 0.037500 0.045000
leaf 0.723125 0.207917 0.051250 0.030833
leaf 0.442500 0.223333 0.035000 0.040000
leaf 0.322500 0.170417 0.127500 0.057500
leaf 0.218125 0.200000 0.128750 0.026667
leaf 0.178750 0.170417 0.130000 0.035833
stem 0.738125 0.392917 0.208750 0.035833
stem 0.755000 0.501667 0.072500 0.080000
stem 0.777500 0.455417 0.110000 0.127500
stem 0.623750 0.635000 0.095000 0.246667
stem 0.549375 0.482917 0.051250 0.072500
stem 0.532500 0.408333 0.080000 0.020000
stem 0.363125 0.348750 0.053750 0.045833
stem 0.293125 0.330417 0.023750 0.027500
stem 0.395625 0.306250 0.106250 0.064167
stem 0.236875 0.243333 0.068750 0.016667
stem 0.198750 0.280833 0.055000 0.045000
stem 0.484375 0.170417 0.023750 0.070833
stem 0.457500 0.142500 0.072500 0.028333
stem 0.432500 0.258750 0.065000 0.034167
leaf 0.438125 0.259583 0.018750 0.014167
stem 0.809375 0.246250 0.053750 0.029167
