leaf 0.728750 0.189583 0.057500 0.082500
leaf 0.488750 0.158333 0.162500 0.088333
leaf 0.418125 0.234167 0.083750 0.065000
leaf 0.624375 0.275833 0.096250 0.098333
leaf 0.538750 0.379167 0.100000 0.121667
leaf 0.140000 0.197083 0.125000 0.092500
leaf 0.267500 0.240833 0.180000 0.145000
leaf 0.236250 0.482500 0.155000 0.128333
leaf 0.390000 0.627083 0.172500 0.127500
leaf 0.855625 0.601667 0.106250 0.066667
stem 0.521875 0.746250 0.331250 0.102500
root 0.205625 0.635000 0.178750 0.136667
root 0.253125 0.761250 0.281250 0.109167
leaf 0.051875 0.167500 0.101250 0.050000
leaf 0.932500 0.545833 0.100000 0.035000
flower 0.970625 0.507500 0.023750 0.015000
flower 0.830625 0.510833 0.016250 0.021667
leaf 0.365000 0.487500 0.152500 0.143333
leaf 0.513750 0.510417 0.145000 0.120833
leaf 0.609375 0.528750 0.061250 0.089167
leaf 0.678125 0.504583 0.076250 0.082500
leaf 0.775625 0.450833 0.123750 0.071667
leaf 0.768125 0.511667 0.073750 0.061667
leaf 0.763125 0.628750 0.086250 0.082500
leaf 0.724375 0.700000 0.041250 0.043333
leaf 0.515000 0.605833 0.085000 0.085000
leaf 0.596250 0.613750 0.105000 0.095833
leaf 0.214375 0.354583 0.116250 0.119167
leaf 0.306250 0.357917 0.100000 0.124167
