leaf 0.138750 0.282917 0.125000 0.057500
leaf 0.192500 0.331667 0.140000 0.096667
leaf 0.668750 0.229583 0.100000 0.062500
leaf 0.792500 0.162500 0.112500 0.068333
leaf 0.793750 0.250417 0.105000 0.065833
leaf 0.185000 0.633333 0.065000 0.050000
leaf 0.400000 0.671250 0.125000 0.065833
leaf 0.506875 0.620000 0.108750 0.093333
leaf 0.376250 0.623750 0.142500 0.079167
leaf 0.671875 0.558750 0.181250 0.124167
stem 0.403750 0.231250 0.415000 0.104167
stem 0.516875 0.782917 0.288750 0.149167
stem 0.688750 0.670417 0.115000 0.085833
stem 0.715625 0.390000 0.391250 0.215000
stem 0.198125 0.490417 0.136250 0.225833
stem 0.373125 0.370000 0.286250 0.043333
stem 0.828125 0.556667 0.143750 0.111667
