flower 0.310625 0.227500 0.033750 0.021667
flower 0.186875 0.229583 0.033750 0.027500
flower 0.326875 0.173333 0.056250 0.050000
flower 0.282500 0.180000 0.040000 0.016667
flower 0.268750 0.162500 0.055000 0.031667
flower 0.177500 0.154583 0.032500 0.057500
flower 0.240625 0.158750 0.041250 0.039167
flower 0.217500 0.147917 0.042500 0.047500
flower 0.349375 0.066250 0.048750 0.019167
flower 0.406875 0.071250 0.056250 0.040833
flower 0.652500 0.152083 0.042500 0.025833
flower 0.623750 0.148750 0.047500 0.030833
flower 0.503125 0.438333 0.046250 0.025000
flower 0.508125 0.496250 0.036250 0.027500
flower 0.538125 0.470000 0.046250 0.038333
leaf 0.192500 0.265000 0.027500 0.048333
leaf 0.221250 0.185417 0.030000 0.005833
leaf 0.225000 0.369167 0.047500 0.015000
leaf 0.226875 0.495000 0.023750 0.026667
leaf 0.216875 0.547500 0.016250 0.033333
leaf 0.243125 0.593333 0.023750 0.010000
leaf 0.635625 0.740833 0.018750 0.025000
flower 0.914375 0.533750 0.081250 0.067500
flower 0.842500 0.152500 0.037500 0.031667
flower 0.795000 0.066667 0.040000 0.030000
flower 0.798125 0.090000 0.046250 0.016667
leaf 0.401875 0.107500 0.021250 0.008333
leaf 0.761250 0.089583 0.020000 0.027500
leaf 0.794375 0.099167 0.041250 0.008333
leaf 0.594375 0.147917 0.023750 0.019167
leaf 0.590625 0.203333 0.011250 0.035000
leaf 0.610625 0.213750 0.016250 0.009167
leaf 0.758750 0.180833 0.020000 0.015000
leaf 0.889375 0.151250 0.023750 0.012500
leaf 0.883750 0.220417 0.072500 0.019167
leaf 0.611250 0.290417 0.017500 0.009167
leaf 0.919375 0.381250 0.011250 0.010833
leaf 0.878125 0.686250 0.011250 0.012500
stem 0.203750 0.200417 0.035000 0.034167
stem 0.218125 0.302500 0.033750 0.111667
stem 0.266250 0.277083 0.062500 0.167500
stem 0.233125 0.422500 0.016250 0.118333
stem 0.228125 0.530417 0.016250 0.047500
stem 0.228125 0.592083 0.013750 0.055833
stem 0.586875 0.611667 0.106250 0.243333
stem 0.903125 0.626250 0.038750 0.115833
stem 0.850625 0.420000 0.098750 0.053333
stem 0.911875 0.183333 0.018750 0.038333
stem 0.763125 0.140833 0.018750 0.068333
stem 0.751875 0.228333 0.026250 0.078333
stem 0.742500 0.299167 0.007500 0.038333
stem 0.749375 0.343750 0.018750 0.034167
stem 0.606875 0.185417 0.018750 0.042500
stem 0.600625 0.253750 0.018750 0.064167
stem 0.621250 0.335000 0.047500 0.076667
stem 0.420000 0.294167 0.055000 0.351667
root 0.290000 0.659167 0.137500 0.063333
root 0.386250 0.502500 0.092500 0.061667
root 0.663125 0.410417 0.058750 0.062500
root 0.760625 0.408333 0.046250 0.060000
root 0.756875 0.475000 0.101250 0.068333
root 0.868125 0.740000 0.048750 0.013333
leaf 0.951250 0.272083 0.017500 0.032500
