flower 0.590000 0.287500 0.075000 0.051667
flower 0.529375 0.285000 0.058750 0.036667
flower 0.539375 0.236250 0.033750 0.045833
flower 0.608125 0.219167 0.058750 0.068333
flower 0.566875 0.198333 0.043750 0.033333
flower 0.443750 0.305417 0.070000 0.034167
flower 0.363125 0.286250 0.086250 0.044167
flower 0.450000 0.247500 0.060000 0.048333
flower 0.375000 0.237917 0.052500 0.035833
flower 0.424375 0.228750 0.053750 0.039167
flower 0.495625 0.394583 0.041250 0.022500
leaf 0.483125 0.364167 0.086250 0.071667
leaf 0.435000 0.419167 0.075000 0.073333
leaf 0.368750 0.412500 0.082500 0.103333
leaf 0.465625 0.460417 0.043750 0.054167
leaf 0.390625 0.535833 0.086250 0.090000
stem 0.386250 0.340000 0.052500 0.061667
stem 0.520625 0.404167 0.023750 0.081667
stem 0.491250 0.473333 0.040000 0.108333
stem 0.403750 0.482083 0.055000 0.037500
stem 0.453750 0.544583 0.057500 0.092500
leaf 0.594375 0.706250 0.106250 0.117500
leaf 0.476250 0.705000 0.152500 0.121667
stem 0.530625 0.792917 0.021250 0.040833
