flower 0.271250 0.358333 0.120000 0.103333
flower 0.183750 0.348333 0.090000 0.093333
flower 0.545000 0.222917 0.087500 0.052500
flower 0.765625 0.187917 0.063750 0.034167
flower 0.604375 0.177083 0.048750 0.030833
flower 0.655625 0.165417 0.048750 0.042500
flower 0.723125 0.162500 0.038750 0.038333
leaf 0.534375 0.504583 0.223750 0.055833
leaf 0.800000 0.426667 0.217500 0.093333
leaf 0.545625 0.415000 0.258750 0.116667
leaf 0.639375 0.304583 0.078750 0.112500
leaf 0.510625 0.288333 0.206250 0.063333
leaf 0.590000 0.179167 0.185000 0.161667
leaf 0.730000 0.186667 0.100000 0.100000
stem 0.683125 0.589583 0.043750 0.220833
stem 0.183125 0.625833 0.106250 0.410000
