flower 0.208750 0.425833 0.027500 0.021667
flower 0.175625 0.377500 0.023750 0.013333
flower 0.505625 0.257083 0.031250 0.015833
flower 0.545625 0.282083 0.036250 0.012500
flower 0.601875 0.283333 0.038750 0.043333
flower 0.772500 0.240417 0.035000 0.027500
flower 0.853750 0.218333 0.030000 0.016667
flower 0.833750 0.247500 0.022500 0.010000
leaf 0.388750 0.616667 0.140000 0.035000
leaf 0.446875 0.565417 0.046250 0.087500
leaf 0.366875 0.520417 0.116250 0.084167
leaf 0.510000 0.525833 0.097500 0.075000
leaf 0.555000 0.477917 0.122500 0.062500
leaf 0.466250 0.469167 0.060000 0.095000
leaf 0.280000 0.476250 0.057500 0.080833
leaf 0.171875 0.444583 0.166250 0.067500
leaf 0.271250 0.397917 0.050000 0.080833
leaf 0.188125 0.387500 0.118750 0.081667
leaf 0.195625 0.316250 0.098750 0.080833
leaf 0.658750 0.420833 0.017500 0.035000
leaf 0.723750 0.393333 0.072500 0.040000
leaf 0.766875 0.362500 0.013750 0.023333
leaf 0.833125 0.336250 0.066250 0.045833
leaf 0.741250 0.280000 0.097500 0.161667
leaf 0.847500 0.275833 0.062500 0.088333
leaf 0.776250 0.180833 0.077500 0.101667
leaf 0.845000 0.171250 0.055000 0.079167
stem 0.387500 0.355417 0.025000 0.032500
stem 0.651875 0.394167 0.041250 0.025000
stem 0.601250 0.420000 0.092500 0.053333
stem 0.510625 0.465833 0.028750 0.020000
stem 0.753750 0.418750 0.035000 0.040833
stem 0.722500 0.470417 0.110000 0.102500
stem 0.608125 0.564167 0.111250 0.118333
stem 0.345000 0.576250 0.062500 0.055833
stem 0.549375 0.712083 0.306250 0.175833
leaf 0.631250 0.325000 0.067500 0.100000
leaf 0.520000 0.353333 0.157500 0.076667
leaf 0.511875 0.401667 0.056250 0.023333
leaf 0.436250 0.388333 0.072500 0.050000
leaf 0.502500 0.245833 0.180000 0.140000
leaf 0.365625 0.283333 0.133750 0.116667
leaf 0.331875 0.179167 0.098750 0.098333
leaf 0.249375 0.219167 0.113750 0.108333
leaf 0.271875 0.125000 0.048750 0.093333
leaf 0.200000 0.112083 0.100000 0.109167
