flower 0.336250 0.187917 0.090000 0.055833
flower 0.078125 0.254167 0.086250 0.065000
flower 0.263750 0.284167 0.090000 0.055000
flower 0.657500 0.223750 0.072500 0.040833
flower 0.670625 0.249583 0.066250 0.037500
flower 0.783125 0.292500 0.068750 0.036667
flower 0.659375 0.277500 0.056250 0.031667
flower 0.700625 0.287500 0.058750 0.038333
flower 0.686875 0.323750 0.076250 0.039167
flower 0.693750 0.360000 0.057500 0.043333
flower 0.769375 0.397917 0.056250 0.059167
flower 0.605625 0.409167 0.088750 0.045000
leaf 0.466250 0.153750 0.377500 0.302500
leaf 0.320625 0.283333 0.178750 0.130000
leaf 0.183750 0.229583 0.162500 0.260833
leaf 0.316250 0.501250 0.302500 0.274167
leaf 0.890625 0.484167 0.206250 0.308333
leaf 0.681875 0.547500 0.216250 0.100000
leaf 0.740000 0.451667 0.140000 0.081667
leaf 0.518125 0.482500 0.063750 0.041667
leaf 0.687500 0.646250 0.055000 0.022500
leaf 0.583750 0.734167 0.055000 0.031667
leaf 0.363750 0.783333 0.057500 0.033333
stem 0.383125 0.419167 0.146250 0.131667
stem 0.141250 0.395000 0.057500 0.040000
stem 0.290625 0.364583 0.053750 0.042500
stem 0.420625 0.237917 0.088750 0.050833
stem 0.455625 0.329583 0.088750 0.052500
stem 0.563125 0.335000 0.158750 0.063333
stem 0.525625 0.524583 0.231250 0.034167
stem 0.508750 0.597500 0.105000 0.018333
stem 0.755000 0.647917 0.052500 0.082500
stem 0.693125 0.757083 0.173750 0.165833
stem 0.190000 0.608750 0.165000 0.057500
stem 0.411875 0.685417 0.243750 0.122500
leaf 0.602500 0.894167 0.065000 0.060000
