leaf 0.543750 0.080000 0.152500 0.043333
leaf 0.558125 0.194167 0.133750 0.065000
leaf 0.580625 0.492917 0.251250 0.092500
leaf 0.558125 0.368333 0.206250 0.140000
leaf 0.636875 0.260417 0.243750 0.060833
leaf 0.781250 0.342500 0.165000 0.138333
leaf 0.268125 0.259583 0.248750 0.077500
leaf 0.147500 0.365000 0.142500 0.133333
leaf 0.310625 0.375417 0.188750 0.184167
fruit 0.353750 0.674583 0.395000 0.530833
stem 0.596250 0.743333 0.055000 0.396667
stem 0.438750 0.157083 0.085000 0.209167
leaf 0.296250 0.032917 0.070000 0.037500
leaf 0.814375 0.256250 0.123750 0.072500
leaf 0.915000 0.247500 0.117500 0.076667
stem 0.528125 0.653750 0.143750 0.052500
