flower 0.415000 0.200417 0.065000 0.075833
leaf 0.421875 0.265417 0.031250 0.057500
leaf 0.602500 0.388750 0.100000 0.050833
leaf 0.640000 0.572083 0.132500 0.059167
leaf 0.527500 0.593750 0.075000 0.085833
leaf 0.588125 0.662500 0.078750 0.066667
leaf 0.553125 0.707917 0.016250 0.019167
leaf 0.558750 0.727500 0.017500 0.018333
stem 0.561875 0.588333 0.016250 0.086667
stem 0.560000 0.460000 0.047500 0.091667
stem 0.551875 0.531667 0.021250 0.035000
stem 0.551250 0.398750 0.015000 0.015833
stem 0.490625 0.317083 0.106250 0.137500
root 0.535625 0.766667 0.031250 0.030000
