flower 0.493750 0.358333 0.052500 0.030000
flower 0.393125 0.448750 0.023750 0.020833
flower 0.406250 0.326667 0.037500 0.030000
flower 0.401875 0.239583 0.018750 0.015833
flower 0.432500 0.187083 0.042500 0.020833
leaf 0.357500 0.081250 0.142500 0.097500
leaf 0.440000 0.137500 0.072500 0.068333
leaf 0.588750 0.111667 0.170000 0.080000
leaf 0.555000 0.187500 0.162500 0.078333
leaf 0.394375 0.257083 0.061250 0.099167
leaf 0.476250 0.270417 0.095000 0.095833
leaf 0.362500 0.340000 0.085000 0.055000
leaf 0.460000 0.332917 0.065000 0.057500
leaf 0.630000 0.391250 0.210000 0.114167
leaf 0.590000 0.472083 0.112500 0.042500
leaf 0.465000 0.452917 0.107500 0.059167
leaf 0.376250 0.610417 0.070000 0.049167
leaf 0.458750 0.582917 0.092500 0.064167
leaf 0.428750 0.535417 0.072500 0.092500
leaf 0.315000 0.523750 0.125000 0.120833
leaf 0.640625 0.720833 0.111250 0.028333
leaf 0.560000 0.663750 0.077500 0.125833
leaf 0.818750 0.610417 0.157500 0.077500
stem 0.426250 0.396667 0.030000 0.060000
stem 0.506875 0.517917 0.033750 0.067500
stem 0.471250 0.765000 0.082500 0.303333
stem 0.605000 0.777500 0.170000 0.085000
leaf 0.663125 0.619583 0.151250 0.155833
