flower 0.306875 0.102083 0.103750 0.062500
flower 0.740000 0.273750 0.052500 0.035833
flower 0.736250 0.231250 0.077500 0.055833
leaf 0.400625 0.232083 0.188750 0.135833
flower 0.316250 0.147500 0.067500 0.028333
leaf 0.245625 0.185833 0.061250 0.028333
flower 0.211875 0.156250 0.083750 0.039167
flower 0.821875 0.270833 0.056250 0.045000
leaf 0.266875 0.219167 0.058750 0.045000
leaf 0.276875 0.296250 0.153750 0.129167
leaf 0.540000 0.468333 0.115000 0.100000
leaf 0.664375 0.432917 0.121250 0.114167
leaf 0.850625 0.298750 0.171250 0.175833
stem 0.633125 0.513333 0.038750 0.048333
leaf 0.345000 0.453750 0.315000 0.254167
leaf 0.521875 0.336667 0.161250 0.161667
leaf 0.683750 0.311250 0.182500 0.172500
leaf 0.555000 0.582917 0.125000 0.115833
leaf 0.484375 0.718750 0.166250 0.139167
stem 0.455000 0.626250 0.070000 0.102500
