flower 0.082500 0.092083 0.105000 0.060833
fruit 0.356875 0.059583 0.136250 0.062500
fruit 0.586250 0.097500 0.092500 0.048333
fruit 0.743125 0.088750 0.178750 0.075833
fruit 0.215000 0.350417 0.152500 0.094167
flower 0.360000 0.385417 0.087500 0.062500
flower 0.746875 0.496250 0.068750 0.039167
flower 0.832500 0.558333 0.090000 0.065000
leaf 0.179375 0.148750 0.116250 0.185833
leaf 0.338125 0.259583 0.356250 0.194167
leaf 0.523125 0.207083 0.181250 0.312500
leaf 0.761875 0.261250 0.283750 0.265833
leaf 0.190625 0.558750 0.278750 0.402500
leaf 0.503750 0.593333 0.502500 0.291667
leaf 0.385625 0.822083 0.561250 0.219167
stem 0.765000 0.436667 0.147500 0.076667
stem 0.610000 0.421667 0.170000 0.083333
stem 0.410000 0.451250 0.140000 0.035833
stem 0.363125 0.517500 0.038750 0.035000
stem 0.881875 0.477500 0.056250 0.021667
stem 0.648125 0.366667 0.031250 0.058333
flower 0.098750 0.142083 0.070000 0.052500
stem 0.060000 0.927917 0.057500 0.092500
