flower 0.408750 0.125833 0.075000 0.045000
flower 0.431250 0.160417 0.035000 0.032500
flower 0.462500 0.217917 0.017500 0.017500
flower 0.435000 0.222917 0.022500 0.019167
flower 0.426250 0.201667 0.050000 0.036667
flower 0.678125 0.164167 0.028750 0.011667
flower 0.620000 0.152500 0.072500 0.035000
flower 0.588125 0.183750 0.018750 0.019167
flower 0.590625 0.212500 0.048750 0.031667
flower 0.550000 0.212500 0.045000 0.028333
leaf 0.455000 0.236667 0.025000 0.016667
leaf 0.435000 0.243750 0.027500 0.010833
leaf 0.540000 0.349583 0.027500 0.014167
leaf 0.491250 0.374167 0.035000 0.020000
leaf 0.502500 0.482500 0.047500 0.021667
leaf 0.496875 0.580833 0.033750 0.021667
leaf 0.483750 0.646250 0.032500 0.017500
leaf 0.501250 0.637083 0.032500 0.022500
leaf 0.480625 0.700833 0.026250 0.025000
leaf 0.494375 0.683333 0.038750 0.023333
leaf 0.485000 0.730000 0.047500 0.026667
stem 0.473125 0.306667 0.073750 0.120000
stem 0.535625 0.291250 0.068750 0.104167
stem 0.494375 0.428750 0.018750 0.090833
stem 0.524375 0.412917 0.028750 0.115833
stem 0.500000 0.530417 0.020000 0.084167
stem 0.493750 0.609167 0.010000 0.035000
stem 0.490625 0.665833 0.011250 0.021667
root 0.516250 0.841250 0.102500 0.195833
