flower 0.568125 0.361667 0.076250 0.055000
leaf 0.448125 0.502500 0.138750 0.078333
leaf 0.326250 0.482500 0.107500 0.150000
leaf 0.258750 0.445000 0.057500 0.036667
leaf 0.226875 0.554167 0.096250 0.075000
leaf 0.258750 0.665833 0.162500 0.058333
leaf 0.175625 0.715833 0.076250 0.073333
leaf 0.901250 0.442917 0.047500 0.034167
stem 0.325000 0.389167 0.062500 0.043333
stem 0.322500 0.302083 0.167500 0.157500
stem 0.450000 0.418333 0.152500 0.060000
stem 0.526250 0.417500 0.190000 0.051667
stem 0.396875 0.571250 0.033750 0.050833
stem 0.091875 0.648750 0.136250 0.227500
stem 0.376875 0.632917 0.211250 0.052500
stem 0.755000 0.642917 0.447500 0.340833
