leaf 0.400625 0.164583 0.246250 0.227500
leaf 0.651875 0.175000 0.296250 0.286667
leaf 0.796250 0.342500 0.290000 0.278333
leaf 0.411250 0.348333 0.362500 0.150000
leaf 0.155625 0.436667 0.288750 0.200000
leaf 0.208750 0.629583 0.182500 0.082500
leaf 0.489375 0.582500 0.323750 0.180000
stem 0.838750 0.602083 0.290000 0.235833
stem 0.548750 0.312917 0.072500 0.062500
stem 0.586250 0.348333 0.075000 0.066667
stem 0.263125 0.806667 0.148750 0.276667
stem 0.318125 0.622083 0.051250 0.122500
leaf 0.471250 0.471667 0.307500 0.096667
