flower 0.686875 0.177917 0.026250 0.015833
flower 0.338125 0.210000 0.046250 0.023333
flower 0.361250 0.176250 0.162500 0.065833
flower 0.490000 0.100833 0.382500 0.096667
flower 0.638750 0.150833 0.077500 0.055000
leaf 0.495000 0.166250 0.055000 0.019167
leaf 0.516875 0.184583 0.061250 0.044167
leaf 0.597500 0.189167 0.045000 0.025000
leaf 0.419375 0.217083 0.088750 0.072500
leaf 0.370625 0.282500 0.126250 0.061667
leaf 0.550625 0.266667 0.121250 0.056667
leaf 0.452500 0.308750 0.070000 0.134167
leaf 0.559375 0.771667 0.308750 0.260000
leaf 0.464375 0.567500 0.381250 0.250000
leaf 0.455000 0.379167 0.307500 0.160000
stem 0.476875 0.228750 0.026250 0.104167
