leaf 0.365000 0.645417 0.020000 0.019167
leaf 0.505625 0.587917 0.046250 0.014167
leaf 0.483750 0.462917 0.027500 0.022500
leaf 0.255000 0.575000 0.020000 0.021667
leaf 0.215000 0.562500 0.040000 0.018333
leaf 0.207500 0.545000 0.040000 0.016667
leaf 0.231250 0.528333 0.022500 0.020000
leaf 0.195000 0.521667 0.042500 0.031667
leaf 0.194375 0.493333 0.053750 0.016667
leaf 0.167500 0.445000 0.112500 0.078333
leaf 0.889375 0.672083 0.016250 0.014167
leaf 0.870625 0.658333 0.023750 0.030000
leaf 0.875000 0.627083 0.047500 0.052500
leaf 0.884375 0.507083 0.048750 0.109167
stem 0.202500 0.711667 0.135000 0.243333
stem 0.884375 0.583333 0.021250 0.035000
stem 0.820000 0.721250 0.177500 0.085833
leaf 0.112500 0.470417 0.077500 0.047500
leaf 0.796250 0.527083 0.132500 0.087500
leaf 0.813125 0.467083 0.093750 0.074167
