fruit 0.729375 0.057083 0.021250 0.010833
fruit 0.801250 0.153333 0.027500 0.023333
fruit 0.775000 0.220833 0.030000 0.015000
fruit 0.835000 0.212500 0.025000 0.018333
fruit 0.635625 0.220000 0.031250 0.013333
fruit 0.625625 0.182917 0.023750 0.012500
fruit 0.681875 0.215417 0.016250 0.014167
fruit 0.134375 0.285000 0.031250 0.016667
fruit 0.400625 0.311250 0.023750 0.015833
fruit 0.490000 0.337917 0.015000 0.012500
fruit 0.684375 0.317500 0.023750 0.015000
fruit 0.580000 0.405417 0.030000 0.017500
fruit 0.470625 0.590417 0.033750 0.017500
fruit 0.436250 0.669583 0.042500 0.015833
fruit 0.528750 0.575000 0.037500 0.013333
fruit 0.793125 0.572917 0.023750 0.014167
fruit 0.764375 0.583333 0.031250 0.020000
leaf 0.747500 0.080417 0.022500 0.027500
leaf 0.678750 0.052917 0.100000 0.059167
leaf 0.551250 0.070417 0.050000 0.039167
leaf 0.716250 0.165417 0.037500 0.037500
leaf 0.824375 0.185000 0.023750 0.033333
leaf 0.789375 0.198750 0.051250 0.015833
leaf 0.680625 0.168750 0.048750 0.015833
leaf 0.610625 0.135833 0.076250 0.075000
leaf 0.534375 0.140833 0.083750 0.061667
leaf 0.441250 0.110000 0.057500 0.033333
leaf 0.660625 0.201667 0.026250 0.040000
leaf 0.625000 0.204583 0.047500 0.019167
leaf 0.627500 0.249167 0.047500 0.015000
leaf 0.541250 0.227917 0.055000 0.040833
leaf 0.486250 0.217500 0.065000 0.043333
leaf 0.444375 0.149583 0.106250 0.045833
leaf 0.606250 0.222917 0.060000 0.032500
leaf 0.565625 0.188750 0.076250 0.034167
leaf 0.698125 0.272083 0.061250 0.049167
leaf 0.718750 0.292500 0.062500 0.028333
leaf 0.656250 0.316250 0.030000 0.009167
leaf 0.603125 0.327917 0.078750 0.034167
leaf 0.706250 0.344167 0.070000 0.025000
leaf 0.815625 0.350000 0.098750 0.036667
leaf 0.770625 0.370417 0.091250 0.024167
leaf 0.784375 0.417083 0.066250 0.049167
leaf 0.866250 0.483750 0.067500 0.022500
leaf 0.858750 0.541667 0.055000 0.020000
leaf 0.807500 0.507500 0.030000 0.031667
leaf 0.806875 0.557500 0.031250 0.043333
leaf 0.813125 0.630417 0.036250 0.047500
leaf 0.751875 0.603750 0.053750 0.034167
leaf 0.738125 0.536250 0.053750 0.025833
leaf 0.367500 0.717083 0.025000 0.035833
leaf 0.355625 0.671250 0.018750 0.029167
leaf 0.468125 0.655833 0.028750 0.045000
leaf 0.412500 0.625417 0.060000 0.030833
leaf 0.426250 0.600417 0.042500 0.015833
leaf 0.515000 0.612500 0.060000 0.038333
leaf 0.550000 0.596667 0.050000 0.033333
leaf 0.449375 0.577083 0.073750 0.017500
leaf 0.347500 0.566250 0.055000 0.015833
leaf 0.411875 0.543333 0.066250 0.040000
leaf 0.493750 0.547917 0.110000 0.042500
leaf 0.630000 0.524167 0.080000 0.020000
leaf 0.560000 0.521667 0.017500 0.018333
leaf 0.524375 0.499583 0.098750 0.035833
leaf 0.690625 0.437083 0.068750 0.020833
leaf 0.497500 0.381667 0.067500 0.038333
leaf 0.240625 0.375417 0.028750 0.029167
leaf 0.345000 0.340833 0.085000 0.065000
leaf 0.434375 0.366667 0.056250 0.053333
leaf 0.425000 0.320000 0.065000 0.046667
leaf 0.477500 0.313333 0.060000 0.033333
leaf 0.415000 0.261667 0.050000 0.060000
leaf 0.469375 0.271667 0.068750 0.060000
leaf 0.099375 0.336250 0.031250 0.035833
leaf 0.151250 0.257500 0.070000 0.058333
leaf 0.128750 0.303750 0.055000 0.020833
leaf 0.078750 0.233333 0.062500 0.050000
leaf 0.073125 0.285833 0.043750 0.015000
stem 0.578750 0.645417 0.032500 0.062500
stem 0.673125 0.737083 0.558750 0.115833
stem 0.221875 0.500000 0.291250 0.216667
stem 0.516250 0.435417 0.277500 0.085833
stem 0.735000 0.485833 0.135000 0.060000
stem 0.556875 0.365417 0.088750 0.047500
stem 0.656250 0.376667 0.102500 0.050000
stem 0.208750 0.338333 0.177500 0.050000
stem 0.239375 0.301250 0.133750 0.025833
stem 0.318125 0.273333 0.131250 0.043333
stem 0.607500 0.282083 0.040000 0.055833
stem 0.900000 0.344583 0.155000 0.242500
stem 0.722500 0.211250 0.067500 0.044167
stem 0.775625 0.117500 0.051250 0.048333
stem 0.763125 0.159167 0.036250 0.023333
stem 0.695625 0.115417 0.081250 0.064167
stem 0.613750 0.075833 0.065000 0.038333
fruit 0.613750 0.044167 0.020000 0.016667
stem 0.680625 0.560833 0.073750 0.041667
