fruit 0.610000 0.164583 0.042500 0.025833
fruit 0.231250 0.177917 0.035000 0.022500
fruit 0.150000 0.242083 0.015000 0.005833
fruit 0.150625 0.355833 0.028750 0.015000
fruit 0.216875 0.418333 0.031250 0.021667
fruit 0.447500 0.286250 0.070000 0.029167
fruit 0.577500 0.336667 0.030000 0.020000
fruit 0.643125 0.417917 0.021250 0.015833
fruit 0.851875 0.374167 0.026250 0.015000
fruit 0.781875 0.348750 0.021250 0.014167
fruit 0.295625 0.518333 0.021250 0.013333
fruit 0.408125 0.530417 0.021250 0.014167
fruit 0.575625 0.470833 0.051250 0.036667
fruit 0.688750 0.430417 0.027500 0.019167
fruit 0.901875 0.490417 0.026250 0.015833
leaf 0.541250 0.061250 0.117500 0.050833
leaf 0.608125 0.133333 0.088750 0.068333
leaf 0.531875 0.110417 0.111250 0.057500
leaf 0.156875 0.176250 0.128750 0.052500
fruit 0.637500 0.233333 0.035000 0.023333
leaf 0.568750 0.230833 0.142500 0.061667
leaf 0.271250 0.226667 0.100000 0.083333
leaf 0.365000 0.266250 0.052500 0.045833
leaf 0.188125 0.236250 0.038750 0.050833
leaf 0.238750 0.293750 0.092500 0.057500
leaf 0.152500 0.293333 0.080000 0.115000
leaf 0.307500 0.295417 0.062500 0.087500
leaf 0.178750 0.375417 0.090000 0.029167
leaf 0.227500 0.413750 0.097500 0.069167
leaf 0.320625 0.513333 0.033750 0.053333
leaf 0.433125 0.656667 0.121250 0.048333
leaf 0.371875 0.524583 0.058750 0.029167
leaf 0.725000 0.731667 0.110000 0.050000
leaf 0.693125 0.765417 0.063750 0.055833
leaf 0.857500 0.757917 0.112500 0.047500
leaf 0.802500 0.792500 0.060000 0.043333
leaf 0.849375 0.657500 0.101250 0.048333
leaf 0.896250 0.582500 0.105000 0.061667
leaf 0.484375 0.543750 0.088750 0.072500
leaf 0.669375 0.580833 0.053750 0.035000
leaf 0.735625 0.556667 0.046250 0.033333
leaf 0.602500 0.535417 0.145000 0.087500
leaf 0.633125 0.463750 0.068750 0.062500
leaf 0.366875 0.415000 0.093750 0.063333
leaf 0.373125 0.356667 0.091250 0.043333
leaf 0.461875 0.354583 0.128750 0.107500
leaf 0.581875 0.409583 0.098750 0.064167
leaf 0.531250 0.337500 0.082500 0.046667
leaf 0.637500 0.305000 0.060000 0.068333
leaf 0.629375 0.363750 0.136250 0.069167
leaf 0.788125 0.423750 0.123750 0.070833
leaf 0.842500 0.264167 0.122500 0.085000
leaf 0.848750 0.325833 0.040000 0.035000
leaf 0.793750 0.315833 0.070000 0.065000
leaf 0.823125 0.379167 0.048750 0.045000
leaf 0.900625 0.372500 0.053750 0.048333
leaf 0.805625 0.490833 0.076250 0.046667
leaf 0.870000 0.502500 0.100000 0.048333
stem 0.400000 0.297500 0.032500 0.018333
stem 0.659375 0.258750 0.026250 0.179167
stem 0.876875 0.311667 0.018750 0.026667
stem 0.870000 0.355000 0.012500 0.023333
stem 0.883125 0.440000 0.071250 0.073333
stem 0.158125 0.412083 0.053750 0.047500
stem 0.400625 0.478333 0.036250 0.053333
stem 0.250625 0.499167 0.083750 0.085000
stem 0.355625 0.586250 0.136250 0.090833
stem 0.521875 0.628333 0.031250 0.086667
stem 0.691250 0.532083 0.047500 0.069167
stem 0.870625 0.540833 0.023750 0.025000
stem 0.561250 0.729583 0.197500 0.115833
stem 0.734375 0.645000 0.048750 0.125000
stem 0.854375 0.706667 0.031250 0.050000
stem 0.751250 0.774583 0.042500 0.055833
leaf 0.765000 0.857083 0.065000 0.054167
leaf 0.692500 0.431667 0.080000 0.066667
