flower 0.333750 0.295000 0.142500 0.076667
flower 0.837500 0.556250 0.067500 0.049167
flower 0.881250 0.542083 0.037500 0.057500
leaf 0.886875 0.615417 0.028750 0.019167
leaf 0.879375 0.669167 0.041250 0.028333
leaf 0.821875 0.700000 0.043750 0.031667
leaf 0.578750 0.403333 0.192500 0.561667
leaf 0.429375 0.398750 0.063750 0.295833
leaf 0.211250 0.263333 0.292500 0.485000
leaf 0.280000 0.609167 0.117500 0.095000
stem 0.623125 0.732500 0.211250 0.215000
stem 0.738750 0.550417 0.075000 0.154167
stem 0.770000 0.248750 0.185000 0.449167
stem 0.599375 0.100833 0.066250 0.011667
stem 0.508125 0.114583 0.091250 0.017500
stem 0.391875 0.381250 0.016250 0.092500
stem 0.374375 0.474167 0.038750 0.098333
stem 0.328750 0.582917 0.025000 0.082500
stem 0.321250 0.662917 0.015000 0.060833
stem 0.351250 0.614583 0.022500 0.095833
stem 0.270625 0.793750 0.146250 0.190833
stem 0.852500 0.781250 0.022500 0.035833
stem 0.850625 0.695833 0.018750 0.106667
