fruit 0.625625 0.075833 0.113750 0.040000
fruit 0.804375 0.135833 0.133750 0.028333
fruit 0.773125 0.192083 0.083750 0.092500
fruit 0.875625 0.324167 0.098750 0.081667
leaf 0.729375 0.639583 0.321250 0.192500
leaf 0.818750 0.535000 0.157500 0.096667
leaf 0.665000 0.455417 0.187500 0.150833
leaf 0.866875 0.464167 0.116250 0.035000
leaf 0.344375 0.456667 0.313750 0.170000
leaf 0.465000 0.320833 0.402500 0.106667
leaf 0.212500 0.270833 0.147500 0.141667
leaf 0.229375 0.176250 0.141250 0.064167
leaf 0.511250 0.192917 0.410000 0.172500
stem 0.526875 0.116667 0.088750 0.060000
stem 0.668125 0.250417 0.141250 0.030833
stem 0.799375 0.407917 0.066250 0.095833
stem 0.106250 0.393333 0.152500 0.095000
stem 0.405000 0.621667 0.320000 0.166667
