flower 0.643750 0.389167 0.240000 0.503333
flower 0.814375 0.311250 0.218750 0.515833
flower 0.534375 0.723333 0.188750 0.350000
flower 0.787500 0.717500 0.197500 0.165000
stem 0.169375 0.610833 0.128750 0.091667
leaf 0.108125 0.286667 0.183750 0.070000
leaf 0.240625 0.332500 0.093750 0.046667
leaf 0.175625 0.368750 0.083750 0.054167
leaf 0.275000 0.235417 0.137500 0.110833
leaf 0.200625 0.149167 0.148750 0.133333
leaf 0.555000 0.532083 0.047500 0.052500
leaf 0.537500 0.477917 0.080000 0.062500
leaf 0.647500 0.430833 0.117500 0.095000
leaf 0.719375 0.522917 0.143750 0.075833
leaf 0.780625 0.423750 0.131250 0.080833
leaf 0.433750 0.425833 0.092500 0.065000
leaf 0.341875 0.406667 0.101250 0.071667
leaf 0.498125 0.374167 0.116250 0.050000
leaf 0.373750 0.325417 0.135000 0.095833
leaf 0.487500 0.281667 0.152500 0.140000
