fruit 0.814375 0.211667 0.166250 0.063333
fruit 0.606250 0.175000 0.250000 0.076667
fruit 0.766875 0.150000 0.046250 0.036667
fruit 0.632500 0.117917 0.100000 0.032500
leaf 0.537500 0.668333 0.130000 0.190000
leaf 0.626250 0.662500 0.052500 0.031667
leaf 0.545000 0.584583 0.195000 0.115833
leaf 0.705625 0.651250 0.168750 0.244167
leaf 0.812500 0.472500 0.165000 0.151667
leaf 0.796250 0.382917 0.135000 0.072500
leaf 0.675000 0.410417 0.075000 0.195833
leaf 0.745625 0.310833 0.038750 0.098333
leaf 0.486875 0.460833 0.073750 0.115000
leaf 0.176250 0.529583 0.277500 0.285833
leaf 0.311250 0.155833 0.440000 0.210000
stem 0.211250 0.327500 0.207500 0.121667
stem 0.662500 0.257500 0.135000 0.091667
root 0.530000 0.342917 0.135000 0.107500
stem 0.375625 0.430833 0.161250 0.198333
stem 0.363750 0.645000 0.160000 0.208333
stem 0.684375 0.578333 0.076250 0.135000
stem 0.530000 0.854167 0.102500 0.110000
