fruit 0.612500 0.348750 0.275000 0.105833
fruit 0.535625 0.258750 0.238750 0.235833
leaf 0.761250 0.089167 0.077500 0.076667
leaf 0.851250 0.099583 0.147500 0.097500
leaf 0.574375 0.126667 0.216250 0.100000
leaf 0.780625 0.255417 0.058750 0.084167
leaf 0.871875 0.310000 0.183750 0.098333
leaf 0.706250 0.377500 0.142500 0.081667
leaf 0.538125 0.291250 0.058750 0.089167
leaf 0.425625 0.249167 0.091250 0.073333
leaf 0.403125 0.300417 0.053750 0.044167
leaf 0.317500 0.140000 0.197500 0.130000
leaf 0.117500 0.259583 0.232500 0.137500
leaf 0.327500 0.285000 0.190000 0.158333
leaf 0.140000 0.434167 0.245000 0.186667
leaf 0.336875 0.388750 0.138750 0.055833
leaf 0.411875 0.428333 0.078750 0.100000
leaf 0.487500 0.456667 0.080000 0.111667
leaf 0.334375 0.490833 0.141250 0.141667
leaf 0.125625 0.582083 0.228750 0.094167
leaf 0.352500 0.596667 0.200000 0.070000
leaf 0.815000 0.745833 0.162500 0.045000
leaf 0.928125 0.710833 0.111250 0.051667
leaf 0.542500 0.702917 0.152500 0.054167
leaf 0.585625 0.679583 0.063750 0.072500
leaf 0.695000 0.632500 0.140000 0.056667
leaf 0.491250 0.595833 0.132500 0.135000
leaf 0.608750 0.515000 0.192500 0.066667
leaf 0.578125 0.478333 0.078750 0.081667
leaf 0.618750 0.421250 0.052500 0.060833
leaf 0.681250 0.414167 0.142500 0.081667
leaf 0.741875 0.457917 0.123750 0.062500
leaf 0.838750 0.489583 0.172500 0.072500
leaf 0.848750 0.556250 0.135000 0.052500
stem 0.710625 0.217500 0.081250 0.161667
stem 0.749375 0.686250 0.238750 0.034167
stem 0.681250 0.726667 0.097500 0.081667
stem 0.520625 0.660833 0.086250 0.038333
stem 0.438750 0.677917 0.060000 0.090833
stem 0.553125 0.836667 0.226250 0.228333
flower 0.646250 0.460833 0.082500 0.075000
flower 0.388750 0.511667 0.087500 0.056667
flower 0.608125 0.692500 0.096250 0.108333
