flower 0.381875 0.163750 0.073750 0.049167
fruit 0.379375 0.684167 0.031250 0.035000
leaf 0.624375 0.132500 0.358750 0.243333
leaf 0.251250 0.170833 0.425000 0.260000
leaf 0.701875 0.324167 0.413750 0.171667
leaf 0.665000 0.448750 0.197500 0.124167
leaf 0.321250 0.390417 0.375000 0.184167
leaf 0.410625 0.571667 0.186250 0.173333
leaf 0.255000 0.712917 0.180000 0.112500
leaf 0.181250 0.526667 0.265000 0.260000
stem 0.561250 0.614167 0.100000 0.188333
stem 0.507500 0.352083 0.055000 0.069167
stem 0.466250 0.300417 0.042500 0.050833
stem 0.380625 0.769167 0.051250 0.100000
