flower 0.728125 0.407917 0.056250 0.027500
flower 0.663125 0.400417 0.063750 0.027500
flower 0.464375 0.249583 0.051250 0.045833
flower 0.584375 0.191250 0.036250 0.029167
flower 0.641875 0.180417 0.061250 0.044167
flower 0.407500 0.282083 0.035000 0.017500
flower 0.446875 0.281250 0.026250 0.010833
flower 0.421250 0.258333 0.042500 0.023333
leaf 0.356250 0.343333 0.252500 0.353333
leaf 0.580000 0.278333 0.127500 0.346667
stem 0.682500 0.322083 0.112500 0.122500
stem 0.591250 0.422917 0.060000 0.069167
stem 0.405625 0.380000 0.038750 0.116667
stem 0.376875 0.488333 0.048750 0.093333
stem 0.486875 0.427500 0.071250 0.021667
stem 0.573750 0.553750 0.040000 0.145833
stem 0.441250 0.573333 0.100000 0.098333
stem 0.718125 0.663333 0.176250 0.175000
root 0.538750 0.736250 0.352500 0.349167
