flower 0.092500 0.082500 0.072500 0.058333
flower 0.160625 0.151667 0.066250 0.043333
flower 0.110000 0.162917 0.067500 0.039167
flower 0.411250 0.185833 0.065000 0.021667
flower 0.539375 0.159167 0.043750 0.055000
flower 0.616250 0.125000 0.035000 0.053333
flower 0.673125 0.123750 0.068750 0.024167
flower 0.261250 0.295417 0.027500 0.067500
flower 0.370625 0.257083 0.083750 0.080833
flower 0.470625 0.348750 0.038750 0.029167
flower 0.368125 0.447500 0.071250 0.021667
flower 0.430625 0.418333 0.018750 0.036667
fruit 0.363750 0.200417 0.047500 0.025833
fruit 0.236875 0.300417 0.033750 0.027500
fruit 0.573750 0.153333 0.027500 0.030000
fruit 0.658750 0.145833 0.055000 0.025000
fruit 0.457500 0.360000 0.020000 0.013333
fruit 0.420000 0.362500 0.020000 0.021667
fruit 0.405000 0.390833 0.057500 0.015000
flower 0.398125 0.370417 0.038750 0.027500
fruit 0.400625 0.419583 0.041250 0.030833
flower 0.343750 0.550833 0.047500 0.031667
flower 0.332500 0.525833 0.045000 0.025000
flower 0.302500 0.555000 0.060000 0.043333
leaf 0.537500 0.385833 0.027500 0.015000
leaf 0.526875 0.442500 0.021250 0.045000
leaf 0.591875 0.312083 0.233750 0.139167
leaf 0.316250 0.308750 0.257500 0.165833
leaf 0.428125 0.607083 0.293750 0.137500
leaf 0.596875 0.765833 0.246250 0.185000
stem 0.164375 0.105417 0.063750 0.040833
stem 0.286250 0.155417 0.182500 0.037500
stem 0.631875 0.209583 0.363750 0.062500
stem 0.786250 0.474167 0.162500 0.478333
stem 0.488750 0.414583 0.080000 0.025833
stem 0.481875 0.382500 0.083750 0.021667
stem 0.626875 0.427917 0.133750 0.087500
stem 0.462500 0.499583 0.215000 0.080833
stem 0.637500 0.608333 0.117500 0.126667
