fruit 0.188750 0.606250 0.022500 0.014167
fruit 0.435625 0.649583 0.021250 0.012500
fruit 0.604375 0.304583 0.021250 0.034167
fruit 0.575625 0.254583 0.026250 0.037500
leaf 0.403750 0.054167 0.217500 0.071667
leaf 0.334375 0.170417 0.408750 0.155833
leaf 0.767500 0.256250 0.327500 0.157500
leaf 0.533125 0.263333 0.116250 0.126667
leaf 0.537500 0.389583 0.282500 0.110833
leaf 0.321875 0.356667 0.178750 0.160000
leaf 0.785625 0.541250 0.193750 0.077500
leaf 0.573750 0.618333 0.245000 0.123333
leaf 0.240625 0.542917 0.321250 0.125833
leaf 0.330625 0.645417 0.208750 0.069167
leaf 0.648125 0.761250 0.148750 0.115833
stem 0.781250 0.614167 0.130000 0.076667
stem 0.716875 0.563333 0.036250 0.040000
stem 0.697500 0.450833 0.072500 0.125000
stem 0.440000 0.613333 0.042500 0.123333
stem 0.808125 0.768750 0.168750 0.124167
stem 0.382500 0.470417 0.032500 0.045833
stem 0.569375 0.185000 0.046250 0.093333
stem 0.524375 0.104583 0.028750 0.052500
leaf 0.516875 0.503750 0.228750 0.115833
leaf 0.559375 0.867083 0.076250 0.155833
leaf 0.378750 0.906667 0.077500 0.055000
stem 0.705000 0.861250 0.187500 0.060833
