fruit 0.771250 0.353333 0.422500 0.681667
leaf 0.065625 0.305417 0.098750 0.039167
leaf 0.145625 0.452917 0.071250 0.029167
leaf 0.072500 0.431250 0.077500 0.024167
leaf 0.199375 0.420000 0.101250 0.056667
leaf 0.270000 0.491667 0.032500 0.038333
leaf 0.358750 0.468333 0.035000 0.035000
leaf 0.595625 0.429583 0.026250 0.025833
leaf 0.619375 0.485000 0.051250 0.031667
leaf 0.517500 0.413333 0.075000 0.028333
leaf 0.495625 0.444167 0.041250 0.045000
leaf 0.446250 0.445000 0.052500 0.041667
leaf 0.516875 0.500000 0.071250 0.071667
leaf 0.374375 0.544583 0.031250 0.044167
leaf 0.342500 0.571667 0.032500 0.026667
leaf 0.316875 0.612500 0.041250 0.031667
leaf 0.329375 0.642917 0.053750 0.017500
leaf 0.690625 0.786667 0.038750 0.026667
leaf 0.625000 0.782917 0.062500 0.019167
leaf 0.455000 0.790000 0.050000 0.016667
leaf 0.393125 0.789167 0.051250 0.021667
leaf 0.592500 0.745833 0.047500 0.045000
leaf 0.646875 0.714167 0.071250 0.031667
leaf 0.675625 0.685000 0.066250 0.030000
leaf 0.675000 0.667500 0.050000 0.021667
leaf 0.563750 0.697083 0.070000 0.034167
leaf 0.661250 0.600417 0.050000 0.034167
leaf 0.436875 0.673333 0.038750 0.046667
leaf 0.395000 0.666250 0.062500 0.045833
leaf 0.511250 0.640000 0.072500 0.038333
leaf 0.562500 0.613750 0.057500 0.029167
leaf 0.396250 0.574583 0.057500 0.017500
stem 0.150000 0.354583 0.115000 0.077500
stem 0.231250 0.459167 0.090000 0.021667
stem 0.316875 0.478750 0.041250 0.174167
stem 0.401875 0.452917 0.038750 0.012500
stem 0.563125 0.530417 0.078750 0.005833
stem 0.422500 0.727083 0.105000 0.054167
stem 0.489375 0.685417 0.076250 0.042500
stem 0.535000 0.786667 0.100000 0.026667
stem 0.708125 0.723333 0.041250 0.040000
leaf 0.653750 0.746250 0.042500 0.019167
stem 0.690625 0.642083 0.021250 0.032500
stem 0.555625 0.369167 0.041250 0.025000
stem 0.453750 0.411250 0.050000 0.020833
stem 0.350000 0.520000 0.065000 0.016667
stem 0.575000 0.648750 0.045000 0.039167
stem 0.615000 0.615417 0.045000 0.037500
leaf 0.560000 0.392083 0.065000 0.027500
leaf 0.447500 0.485833 0.067500 0.051667
leaf 0.403750 0.615417 0.120000 0.064167
leaf 0.510625 0.595833 0.093750 0.055000
leaf 0.463750 0.553750 0.125000 0.057500
leaf 0.562500 0.837083 0.062500 0.042500
leaf 0.502500 0.816250 0.060000 0.024167
leaf 0.450000 0.851250 0.050000 0.040833
leaf 0.405000 0.816250 0.092500 0.037500
leaf 0.397500 0.972917 0.070000 0.025833
leaf 0.421250 0.935417 0.102500 0.047500
leaf 0.391250 0.899167 0.052500 0.046667
stem 0.547500 0.922917 0.150000 0.127500
