flower 0.818125 0.574167 0.043750 0.030000
flower 0.616875 0.440417 0.043750 0.032500
flower 0.681875 0.417500 0.061250 0.035000
flower 0.813750 0.390833 0.032500 0.026667
flower 0.883750 0.406667 0.052500 0.030000
flower 0.817500 0.300000 0.052500 0.028333
flower 0.889375 0.301250 0.071250 0.035833
flower 0.886250 0.234583 0.055000 0.042500
flower 0.840000 0.208333 0.065000 0.035000
flower 0.788125 0.257083 0.066250 0.030833
flower 0.791875 0.212500 0.053750 0.031667
flower 0.736250 0.237083 0.060000 0.057500
flower 0.684375 0.241667 0.051250 0.045000
flower 0.632500 0.259167 0.072500 0.033333
leaf 0.210625 0.245833 0.418750 0.096667
leaf 0.217500 0.366250 0.317500 0.150833
leaf 0.621875 0.327500 0.098750 0.101667
leaf 0.710625 0.310833 0.086250 0.038333
leaf 0.845000 0.498333 0.122500 0.118333
leaf 0.861875 0.683750 0.151250 0.210833
leaf 0.685625 0.750833 0.233750 0.185000
leaf 0.190625 0.541667 0.321250 0.181667
stem 0.416250 0.272500 0.022500 0.058333
stem 0.715000 0.369583 0.045000 0.089167
stem 0.776875 0.364583 0.023750 0.185833
stem 0.855000 0.255417 0.040000 0.020833
stem 0.765000 0.504583 0.020000 0.035833
leaf 0.210000 0.691250 0.190000 0.109167
leaf 0.249375 0.812083 0.141250 0.124167
leaf 0.395000 0.821667 0.122500 0.040000
leaf 0.382500 0.746250 0.130000 0.109167
leaf 0.501250 0.550833 0.290000 0.210000
leaf 0.480625 0.705000 0.166250 0.095000
leaf 0.714375 0.559583 0.128750 0.200833
leaf 0.481875 0.365000 0.181250 0.146667
leaf 0.513750 0.222500 0.135000 0.118333
leaf 0.761875 0.113750 0.178750 0.200833
leaf 0.583750 0.130833 0.220000 0.068333
leaf 0.532500 0.037083 0.095000 0.069167
root 0.530000 0.918333 0.420000 0.143333
