leaf 0.319375 0.109167 0.251250 0.088333
leaf 0.775000 0.070417 0.265000 0.064167
leaf 0.543125 0.063333 0.206250 0.125000
leaf 0.837500 0.210417 0.270000 0.214167
leaf 0.660625 0.254583 0.208750 0.162500
leaf 0.435625 0.290833 0.248750 0.165000
leaf 0.608750 0.370000 0.382500 0.216667
leaf 0.550000 0.492500 0.142500 0.108333
leaf 0.751875 0.525000 0.243750 0.066667
leaf 0.735625 0.627917 0.313750 0.152500
leaf 0.698125 0.745000 0.146250 0.153333
leaf 0.310000 0.704167 0.217500 0.191667
leaf 0.283750 0.606667 0.312500 0.126667
leaf 0.287500 0.510000 0.387500 0.166667
stem 0.513125 0.670833 0.131250 0.235000
stem 0.570625 0.162500 0.173750 0.071667
stem 0.261250 0.318333 0.102500 0.106667
stem 0.487500 0.182083 0.145000 0.049167
leaf 0.734375 0.836667 0.248750 0.213333
leaf 0.464375 0.880833 0.196250 0.200000
stem 0.585625 0.796250 0.043750 0.164167
