flower 0.408750 0.666667 0.037500 0.028333
flower 0.243125 0.565000 0.071250 0.036667
flower 0.281250 0.549167 0.050000 0.023333
flower 0.198750 0.500833 0.042500 0.026667
leaf 0.226875 0.280833 0.298750 0.131667
leaf 0.223125 0.121667 0.401250 0.151667
leaf 0.203750 0.423333 0.390000 0.163333
leaf 0.261250 0.652083 0.470000 0.127500
leaf 0.639375 0.760833 0.336250 0.078333
leaf 0.691875 0.551250 0.401250 0.129167
leaf 0.872500 0.431250 0.237500 0.145833
leaf 0.615625 0.433333 0.181250 0.120000
leaf 0.829375 0.229167 0.143750 0.241667
leaf 0.623125 0.210833 0.256250 0.140000
stem 0.446250 0.275000 0.075000 0.416667
stem 0.472500 0.542083 0.045000 0.067500
stem 0.555625 0.670417 0.091250 0.095833
stem 0.748750 0.416667 0.050000 0.038333
stem 0.480625 0.784167 0.036250 0.031667
leaf 0.374375 0.763750 0.153750 0.195833
leaf 0.385000 0.561667 0.145000 0.153333
leaf 0.654375 0.331250 0.316250 0.114167
