flower 0.645000 0.129167 0.022500 0.015000
flower 0.669375 0.128750 0.023750 0.024167
flower 0.753750 0.154167 0.040000 0.015000
flower 0.802500 0.156667 0.030000 0.020000
flower 0.851250 0.245833 0.020000 0.020000
flower 0.836875 0.259167 0.023750 0.015000
flower 0.165000 0.789167 0.030000 0.021667
flower 0.276250 0.629167 0.040000 0.023333
flower 0.320625 0.648750 0.031250 0.014167
flower 0.353750 0.711250 0.025000 0.014167
flower 0.360625 0.679583 0.031250 0.012500
flower 0.379375 0.515000 0.038750 0.023333
flower 0.346875 0.418750 0.036250 0.014167
flower 0.356250 0.370833 0.032500 0.016667
flower 0.404375 0.367917 0.033750 0.019167
flower 0.478750 0.350417 0.022500 0.014167
flower 0.575000 0.350000 0.035000 0.016667
leaf 0.494375 0.175833 0.156250 0.040000
leaf 0.498125 0.128333 0.161250 0.043333
leaf 0.403750 0.087917 0.097500 0.057500
leaf 0.368750 0.152500 0.067500 0.091667
leaf 0.697500 0.140417 0.035000 0.060833
leaf 0.740625 0.188333 0.096250 0.046667
flower 0.683125 0.248333 0.038750 0.020000
leaf 0.820625 0.267917 0.126250 0.037500
leaf 0.737500 0.352500 0.200000 0.073333
leaf 0.730625 0.285833 0.141250 0.055000
leaf 0.671875 0.446250 0.131250 0.059167
leaf 0.749375 0.493750 0.178750 0.060833
leaf 0.537500 0.335833 0.102500 0.071667
leaf 0.458125 0.342083 0.078750 0.080833
leaf 0.312500 0.418750 0.050000 0.027500
leaf 0.388125 0.431250 0.086250 0.015833
leaf 0.380625 0.402500 0.021250 0.025000
leaf 0.373750 0.468333 0.067500 0.060000
leaf 0.391250 0.589167 0.062500 0.055000
leaf 0.345625 0.569583 0.026250 0.024167
leaf 0.213750 0.777083 0.042500 0.029167
leaf 0.248125 0.756250 0.038750 0.019167
leaf 0.294375 0.770000 0.053750 0.023333
leaf 0.288750 0.799167 0.132500 0.031667
leaf 0.382500 0.817500 0.070000 0.061667
leaf 0.394375 0.776250 0.046250 0.014167
leaf 0.363750 0.727500 0.080000 0.081667
stem 0.651250 0.495000 0.017500 0.046667
stem 0.661875 0.397500 0.021250 0.043333
stem 0.686875 0.360833 0.028750 0.018333
stem 0.655000 0.297500 0.017500 0.063333
stem 0.695000 0.227917 0.030000 0.027500
stem 0.396875 0.218750 0.018750 0.039167
stem 0.353125 0.395833 0.033750 0.031667
stem 0.331250 0.460000 0.040000 0.053333
stem 0.344375 0.531250 0.021250 0.057500
stem 0.376875 0.657500 0.016250 0.031667
stem 0.335625 0.780417 0.053750 0.012500
stem 0.251250 0.772083 0.042500 0.007500
leaf 0.725625 0.247083 0.103750 0.060833
