fruit 0.455625 0.150000 0.038750 0.036667
leaf 0.495000 0.061667 0.337500 0.121667
leaf 0.070000 0.192917 0.090000 0.059167
leaf 0.438750 0.211667 0.175000 0.190000
leaf 0.703750 0.192083 0.297500 0.132500
leaf 0.187500 0.323333 0.310000 0.200000
leaf 0.463750 0.405000 0.260000 0.298333
leaf 0.623750 0.487917 0.170000 0.100833
fruit 0.541250 0.486250 0.020000 0.019167
leaf 0.730000 0.589583 0.390000 0.067500
leaf 0.343125 0.554167 0.243750 0.255000
leaf 0.685000 0.695833 0.432500 0.145000
stem 0.512500 0.577500 0.055000 0.096667
stem 0.457500 0.805833 0.130000 0.226667
