flower 0.181250 0.570833 0.035000 0.021667
flower 0.460625 0.473333 0.133750 0.080000
flower 0.630000 0.472917 0.055000 0.032500
flower 0.661875 0.271667 0.131250 0.060000
flower 0.845000 0.373333 0.042500 0.060000
leaf 0.398750 0.658333 0.052500 0.030000
leaf 0.777500 0.675417 0.082500 0.052500
leaf 0.561250 0.590833 0.042500 0.025000
leaf 0.604375 0.569583 0.056250 0.029167
leaf 0.431250 0.565000 0.065000 0.043333
leaf 0.463750 0.532083 0.052500 0.037500
leaf 0.400000 0.537500 0.027500 0.028333
leaf 0.113125 0.483333 0.113750 0.065000
leaf 0.187500 0.398750 0.160000 0.072500
leaf 0.161875 0.327917 0.168750 0.092500
leaf 0.157500 0.257917 0.097500 0.049167
leaf 0.351875 0.102500 0.038750 0.021667
leaf 0.332500 0.152917 0.032500 0.027500
leaf 0.306250 0.172500 0.027500 0.013333
leaf 0.368125 0.200417 0.048750 0.032500
leaf 0.361875 0.234583 0.028750 0.025833
leaf 0.365625 0.325417 0.036250 0.025833
leaf 0.320000 0.330000 0.055000 0.023333
leaf 0.548750 0.482917 0.037500 0.029167
leaf 0.528125 0.457917 0.043750 0.027500
leaf 0.575000 0.442500 0.027500 0.028333
leaf 0.558125 0.412083 0.021250 0.022500
leaf 0.463125 0.351250 0.108750 0.087500
leaf 0.535625 0.359583 0.036250 0.022500
leaf 0.566875 0.347500 0.031250 0.021667
leaf 0.469375 0.246667 0.096250 0.056667
leaf 0.585625 0.105833 0.053750 0.025000
leaf 0.573750 0.161667 0.102500 0.060000
leaf 0.545625 0.213333 0.071250 0.050000
leaf 0.577500 0.297083 0.030000 0.019167
leaf 0.625000 0.237500 0.080000 0.038333
leaf 0.644375 0.387083 0.101250 0.059167
leaf 0.680000 0.331250 0.092500 0.065833
leaf 0.691250 0.192917 0.107500 0.075833
leaf 0.769375 0.220417 0.091250 0.047500
leaf 0.843750 0.202500 0.050000 0.048333
leaf 0.793750 0.252500 0.035000 0.020000
leaf 0.850625 0.237500 0.056250 0.038333
leaf 0.758750 0.320833 0.077500 0.055000
leaf 0.851250 0.309583 0.050000 0.034167
leaf 0.903125 0.340000 0.093750 0.055000
leaf 0.910000 0.412083 0.087500 0.062500
leaf 0.809375 0.393333 0.028750 0.018333
leaf 0.719375 0.417083 0.123750 0.094167
leaf 0.760000 0.479583 0.067500 0.057500
stem 0.515000 0.074583 0.205000 0.042500
stem 0.306250 0.122083 0.030000 0.054167
stem 0.540625 0.126250 0.053750 0.020833
stem 0.458125 0.164167 0.123750 0.058333
stem 0.338125 0.242917 0.021250 0.144167
stem 0.324375 0.390833 0.103750 0.093333
stem 0.366875 0.480417 0.028750 0.122500
stem 0.383750 0.595000 0.030000 0.096667
stem 0.400000 0.759583 0.080000 0.175833
stem 0.122500 0.646667 0.165000 0.108333
stem 0.136250 0.555833 0.057500 0.076667
stem 0.108125 0.429583 0.031250 0.045833
stem 0.143750 0.311250 0.035000 0.022500
stem 0.552500 0.265833 0.082500 0.041667
stem 0.565000 0.323750 0.020000 0.022500
stem 0.529375 0.342500 0.048750 0.015000
stem 0.601250 0.358333 0.027500 0.016667
stem 0.580000 0.382500 0.047500 0.033333
stem 0.531250 0.384167 0.027500 0.025000
stem 0.582500 0.506667 0.047500 0.100000
stem 0.572500 0.726250 0.055000 0.242500
stem 0.728750 0.724583 0.262500 0.045833
stem 0.833125 0.557917 0.051250 0.287500
stem 0.810625 0.308333 0.038750 0.090000
stem 0.393750 0.104167 0.040000 0.023333
