flower 0.506250 0.130000 0.037500 0.076667
flower 0.457500 0.121667 0.077500 0.080000
flower 0.620625 0.145833 0.106250 0.050000
flower 0.595000 0.122500 0.117500 0.065000
flower 0.542500 0.102500 0.077500 0.093333
leaf 0.614375 0.239167 0.146250 0.138333
leaf 0.414375 0.220417 0.163750 0.202500
leaf 0.523125 0.303333 0.041250 0.080000
leaf 0.635625 0.447083 0.191250 0.247500
leaf 0.469375 0.571667 0.186250 0.186667
leaf 0.611875 0.628333 0.121250 0.096667
leaf 0.496875 0.726250 0.098750 0.114167
leaf 0.469375 0.422917 0.158750 0.120833
