flower 0.396250 0.234167 0.027500 0.015000
flower 0.388750 0.215000 0.032500 0.016667
flower 0.351250 0.214167 0.020000 0.010000
flower 0.333750 0.203750 0.042500 0.029167
flower 0.292500 0.238333 0.025000 0.013333
flower 0.337500 0.240000 0.032500 0.020000
flower 0.366875 0.238750 0.031250 0.020833
flower 0.291250 0.313333 0.072500 0.036667
flower 0.521875 0.229167 0.033750 0.016667
flower 0.564375 0.270417 0.033750 0.020833
flower 0.625625 0.256667 0.038750 0.028333
flower 0.535000 0.250000 0.025000 0.021667
flower 0.569375 0.225417 0.056250 0.024167
flower 0.580625 0.248750 0.048750 0.024167
flower 0.645000 0.315833 0.042500 0.031667
flower 0.691875 0.292500 0.076250 0.038333
flower 0.355000 0.471667 0.042500 0.025000
flower 0.311875 0.474167 0.031250 0.018333
flower 0.263750 0.468333 0.042500 0.030000
flower 0.274375 0.437083 0.038750 0.024167
flower 0.321250 0.447083 0.072500 0.032500
flower 0.438750 0.721667 0.032500 0.020000
flower 0.364375 0.742917 0.048750 0.032500
flower 0.392500 0.702083 0.040000 0.032500
flower 0.360625 0.716250 0.041250 0.027500
leaf 0.568750 0.680417 0.085000 0.087500
leaf 0.455000 0.818750 0.195000 0.194167
leaf 0.228125 0.767500 0.271250 0.050000
leaf 0.265625 0.713750 0.246250 0.049167
leaf 0.350000 0.661667 0.142500 0.090000
leaf 0.482500 0.673333 0.110000 0.083333
leaf 0.401875 0.612500 0.041250 0.108333
leaf 0.605625 0.613750 0.121250 0.065833
leaf 0.517500 0.566250 0.187500 0.059167
leaf 0.619375 0.528333 0.158750 0.106667
leaf 0.229375 0.543750 0.326250 0.144167
leaf 0.480000 0.457500 0.182500 0.058333
leaf 0.148750 0.409167 0.285000 0.131667
leaf 0.402500 0.399167 0.150000 0.121667
leaf 0.653125 0.394167 0.063750 0.101667
leaf 0.751875 0.398333 0.148750 0.155000
leaf 0.201875 0.264583 0.218750 0.155833
leaf 0.855000 0.280000 0.272500 0.131667
leaf 0.681875 0.186667 0.311250 0.168333
leaf 0.470000 0.308333 0.177500 0.076667
leaf 0.342500 0.287500 0.050000 0.061667
leaf 0.465625 0.251250 0.186250 0.044167
leaf 0.491875 0.141250 0.263750 0.169167
leaf 0.341875 0.155833 0.028750 0.065000
leaf 0.251875 0.149167 0.176250 0.175000
stem 0.601875 0.394583 0.048750 0.252500
stem 0.441250 0.427083 0.027500 0.022500
stem 0.316875 0.334583 0.093750 0.015833
stem 0.486250 0.509167 0.097500 0.066667
stem 0.561250 0.546667 0.042500 0.020000
stem 0.722500 0.644167 0.115000 0.116667
stem 0.522500 0.617083 0.047500 0.030833
