flower 0.768125 0.270833 0.058750 0.035000
flower 0.606250 0.057500 0.052500 0.013333
flower 0.251250 0.298750 0.040000 0.025833
flower 0.500000 0.591667 0.050000 0.020000
flower 0.478750 0.602083 0.035000 0.017500
flower 0.542500 0.409583 0.025000 0.015833
flower 0.256875 0.501667 0.056250 0.033333
flower 0.264375 0.470000 0.028750 0.011667
flower 0.900625 0.265417 0.016250 0.012500
flower 0.454375 0.618750 0.013750 0.010833
flower 0.384375 0.442500 0.023750 0.016667
flower 0.241875 0.272500 0.023750 0.008333
leaf 0.390625 0.714583 0.066250 0.035833
leaf 0.436250 0.697500 0.032500 0.043333
leaf 0.425000 0.662500 0.077500 0.041667
leaf 0.482500 0.662500 0.055000 0.068333
leaf 0.578125 0.692917 0.078750 0.047500
leaf 0.608125 0.589167 0.068750 0.055000
leaf 0.673125 0.589583 0.061250 0.035833
leaf 0.866250 0.566667 0.102500 0.043333
leaf 0.888750 0.511250 0.065000 0.054167
flower 0.741875 0.442500 0.021250 0.018333
leaf 0.792500 0.440000 0.067500 0.023333
leaf 0.648750 0.478750 0.085000 0.055833
leaf 0.588125 0.437500 0.086250 0.043333
leaf 0.553750 0.402500 0.062500 0.043333
leaf 0.616250 0.198333 0.042500 0.025000
leaf 0.748750 0.190833 0.090000 0.076667
leaf 0.775000 0.138333 0.095000 0.020000
leaf 0.711250 0.098750 0.032500 0.050833
leaf 0.691875 0.133333 0.061250 0.050000
leaf 0.654375 0.105833 0.061250 0.035000
leaf 0.621875 0.081250 0.066250 0.032500
leaf 0.564375 0.116667 0.036250 0.043333
leaf 0.261875 0.159583 0.098750 0.027500
leaf 0.534375 0.273750 0.018750 0.044167
leaf 0.315625 0.220000 0.116250 0.083333
leaf 0.211250 0.281667 0.037500 0.013333
leaf 0.259375 0.340000 0.076250 0.066667
leaf 0.280625 0.399167 0.083750 0.026667
leaf 0.331875 0.432500 0.081250 0.018333
leaf 0.276250 0.441667 0.057500 0.050000
leaf 0.144375 0.521250 0.148750 0.104167
stem 0.812500 0.242500 0.110000 0.018333
stem 0.676875 0.201250 0.061250 0.025833
stem 0.525625 0.252500 0.143750 0.255000
stem 0.455000 0.418333 0.117500 0.071667
stem 0.554375 0.456250 0.038750 0.034167
stem 0.343750 0.415833 0.077500 0.015000
stem 0.660625 0.686667 0.086250 0.161667
stem 0.516875 0.771667 0.193750 0.138333
stem 0.195000 0.450000 0.082500 0.036667
leaf 0.555000 0.635000 0.117500 0.076667
leaf 0.770625 0.527917 0.166250 0.090833
leaf 0.650625 0.547917 0.071250 0.045833
leaf 0.741250 0.479167 0.102500 0.051667
leaf 0.306875 0.283333 0.088750 0.038333
leaf 0.426250 0.333750 0.082500 0.067500
leaf 0.343750 0.328333 0.087500 0.096667
leaf 0.419375 0.285833 0.058750 0.015000
