flower 0.738125 0.257500 0.028750 0.010000
flower 0.767500 0.272917 0.055000 0.015833
flower 0.726875 0.308333 0.048750 0.020000
flower 0.743125 0.327083 0.043750 0.022500
flower 0.760625 0.336667 0.038750 0.020000
leaf 0.803750 0.153750 0.122500 0.205833
leaf 0.611250 0.254583 0.252500 0.084167
leaf 0.228750 0.267917 0.285000 0.192500
leaf 0.835000 0.316667 0.180000 0.070000
leaf 0.768125 0.377083 0.261250 0.072500
leaf 0.250625 0.414167 0.213750 0.118333
leaf 0.510000 0.383333 0.275000 0.056667
leaf 0.443125 0.479167 0.183750 0.163333
leaf 0.803125 0.482500 0.243750 0.108333
leaf 0.625625 0.507083 0.151250 0.169167
leaf 0.791875 0.660417 0.158750 0.155833
leaf 0.631250 0.637917 0.112500 0.140833
leaf 0.540625 0.622917 0.123750 0.089167
leaf 0.485000 0.752083 0.180000 0.042500
leaf 0.428750 0.806250 0.190000 0.099167
stem 0.511875 0.142083 0.278750 0.142500
stem 0.460625 0.309167 0.356250 0.090000
stem 0.551875 0.424167 0.071250 0.025000
stem 0.289375 0.614167 0.151250 0.268333
stem 0.457500 0.712500 0.305000 0.041667
stem 0.380000 0.595000 0.187500 0.095000
stem 0.511875 0.555833 0.071250 0.033333
stem 0.628125 0.781250 0.111250 0.157500
stem 0.763125 0.546250 0.031250 0.089167
stem 0.703125 0.562917 0.021250 0.197500
stem 0.683750 0.330000 0.032500 0.051667
