flower 0.657500 0.342083 0.202500 0.172500
flower 0.330625 0.276250 0.498750 0.389167
flower 0.505625 0.578750 0.418750 0.280833
leaf 0.757500 0.262917 0.072500 0.102500
leaf 0.851875 0.223750 0.128750 0.072500
leaf 0.655000 0.211667 0.197500 0.085000
leaf 0.716250 0.137083 0.160000 0.120833
leaf 0.592500 0.738333 0.125000 0.130000
leaf 0.743125 0.804167 0.278750 0.116667
leaf 0.540625 0.877500 0.213750 0.131667
stem 0.835625 0.312500 0.086250 0.150000
stem 0.823125 0.546250 0.203750 0.399167
leaf 0.481875 0.767500 0.166250 0.078333
stem 0.851250 0.859583 0.142500 0.220833
