fruit 0.408125 0.380833 0.033750 0.015000
fruit 0.435000 0.378333 0.027500 0.016667
fruit 0.508125 0.309167 0.018750 0.015000
fruit 0.400625 0.300000 0.026250 0.016667
fruit 0.746875 0.172500 0.028750 0.020000
fruit 0.715000 0.159583 0.040000 0.029167
fruit 0.680000 0.155000 0.035000 0.026667
leaf 0.811250 0.215417 0.155000 0.077500
leaf 0.718125 0.192917 0.046250 0.030833
leaf 0.680625 0.311667 0.126250 0.071667
leaf 0.658750 0.369167 0.097500 0.075000
leaf 0.540000 0.287500 0.110000 0.031667
leaf 0.547500 0.430000 0.125000 0.066667
leaf 0.486250 0.362500 0.065000 0.053333
leaf 0.456250 0.388333 0.047500 0.025000
leaf 0.166875 0.360417 0.201250 0.187500
leaf 0.375000 0.449583 0.135000 0.062500
stem 0.703125 0.262917 0.031250 0.055833
stem 0.621250 0.265000 0.027500 0.036667
stem 0.405625 0.413750 0.106250 0.035833
stem 0.601250 0.577500 0.317500 0.221667
stem 0.701875 0.426667 0.068750 0.076667
leaf 0.295000 0.390833 0.092500 0.083333
leaf 0.336875 0.308333 0.158750 0.115000
leaf 0.427500 0.301667 0.110000 0.095000
leaf 0.561875 0.369167 0.093750 0.093333
leaf 0.497500 0.203333 0.207500 0.143333
leaf 0.644375 0.195417 0.113750 0.129167
