flower 0.198750 0.540000 0.057500 0.033333
flower 0.886250 0.491250 0.035000 0.024167
flower 0.780000 0.415833 0.060000 0.015000
flower 0.841875 0.414167 0.038750 0.016667
flower 0.515000 0.240000 0.020000 0.023333
flower 0.212500 0.315417 0.040000 0.012500
leaf 0.637500 0.136250 0.225000 0.204167
leaf 0.632500 0.263333 0.235000 0.093333
leaf 0.419375 0.162083 0.218750 0.194167
leaf 0.330625 0.379167 0.193750 0.256667
leaf 0.113125 0.389167 0.223750 0.185000
leaf 0.542500 0.352083 0.162500 0.065833
leaf 0.443750 0.406250 0.145000 0.105833
leaf 0.770000 0.285833 0.120000 0.141667
leaf 0.886250 0.305417 0.127500 0.145833
leaf 0.924375 0.389583 0.103750 0.062500
leaf 0.616250 0.443750 0.180000 0.140833
leaf 0.461875 0.498333 0.146250 0.073333
leaf 0.140625 0.564583 0.193750 0.054167
leaf 0.355000 0.566250 0.185000 0.102500
leaf 0.194375 0.637500 0.121250 0.068333
leaf 0.405625 0.642917 0.226250 0.152500
leaf 0.504375 0.746667 0.186250 0.040000
leaf 0.645625 0.545833 0.098750 0.103333
stem 0.779375 0.697083 0.178750 0.077500
stem 0.640625 0.752917 0.083750 0.062500
stem 0.567500 0.716667 0.105000 0.020000
stem 0.832500 0.610000 0.032500 0.096667
stem 0.766250 0.577500 0.102500 0.033333
stem 0.685625 0.598333 0.063750 0.020000
stem 0.621250 0.615417 0.075000 0.019167
stem 0.824375 0.529583 0.023750 0.070833
stem 0.888125 0.516667 0.111250 0.035000
stem 0.762500 0.484167 0.110000 0.041667
stem 0.828125 0.476667 0.018750 0.036667
stem 0.828750 0.436250 0.040000 0.025833
stem 0.796875 0.385833 0.038750 0.045000
stem 0.808750 0.419583 0.017500 0.035833
stem 0.672500 0.480417 0.062500 0.019167
stem 0.304375 0.697083 0.023750 0.020833
stem 0.275625 0.637917 0.033750 0.082500
stem 0.247500 0.559583 0.037500 0.082500
stem 0.231875 0.441667 0.023750 0.176667
stem 0.385625 0.478333 0.048750 0.095000
stem 0.451250 0.350000 0.025000 0.043333
stem 0.485000 0.300000 0.047500 0.076667
stem 0.525000 0.226250 0.027500 0.064167
leaf 0.238125 0.265833 0.086250 0.103333
leaf 0.585000 0.671667 0.182500 0.088333
leaf 0.548125 0.615000 0.048750 0.038333
leaf 0.584375 0.570000 0.086250 0.075000
leaf 0.699375 0.635833 0.043750 0.016667
leaf 0.718750 0.537500 0.040000 0.010000
leaf 0.581875 0.908333 0.101250 0.063333
leaf 0.565625 0.862917 0.048750 0.022500
leaf 0.609375 0.835000 0.058750 0.020000
leaf 0.457500 0.837917 0.105000 0.040833
leaf 0.543125 0.818333 0.041250 0.021667
stem 0.526250 0.792917 0.155000 0.027500
