flower 0.250000 0.245000 0.067500 0.026667
flower 0.284375 0.224583 0.036250 0.015833
flower 0.290000 0.207500 0.027500 0.021667
flower 0.316250 0.199583 0.042500 0.020833
flower 0.328750 0.170000 0.055000 0.046667
flower 0.374375 0.234167 0.058750 0.050000
flower 0.313125 0.280833 0.068750 0.051667
flower 0.653750 0.568750 0.072500 0.065833
flower 0.646875 0.502500 0.066250 0.063333
flower 0.777500 0.558750 0.110000 0.069167
flower 0.821250 0.451667 0.082500 0.061667
flower 0.748750 0.450000 0.047500 0.036667
flower 0.711875 0.434583 0.033750 0.037500
leaf 0.534375 0.230000 0.218750 0.120000
leaf 0.535625 0.111250 0.213750 0.120833
leaf 0.310625 0.082083 0.231250 0.129167
leaf 0.211250 0.350417 0.230000 0.155833
leaf 0.537500 0.415417 0.175000 0.112500
leaf 0.680625 0.366667 0.161250 0.085000
leaf 0.783750 0.292917 0.247500 0.144167
leaf 0.866250 0.401250 0.197500 0.135833
flower 0.861875 0.493333 0.096250 0.038333
leaf 0.841875 0.543750 0.076250 0.044167
stem 0.558750 0.654167 0.405000 0.051667
stem 0.758750 0.686250 0.212500 0.159167
stem 0.497500 0.507083 0.240000 0.067500
stem 0.764375 0.497083 0.051250 0.047500
stem 0.715000 0.498333 0.072500 0.040000
stem 0.632500 0.458750 0.040000 0.020833
stem 0.410000 0.340417 0.105000 0.107500
leaf 0.385000 0.167083 0.157500 0.072500
leaf 0.253750 0.164167 0.087500 0.055000
leaf 0.120625 0.152500 0.196250 0.133333
