fruit 0.765625 0.575833 0.058750 0.061667
fruit 0.688125 0.515000 0.056250 0.078333
fruit 0.527500 0.587500 0.062500 0.041667
fruit 0.583125 0.511250 0.061250 0.040833
fruit 0.509375 0.517083 0.071250 0.049167
fruit 0.494375 0.461667 0.096250 0.060000
fruit 0.561250 0.437083 0.057500 0.042500
fruit 0.548750 0.398333 0.052500 0.048333
fruit 0.480625 0.407083 0.098750 0.084167
leaf 0.601875 0.474583 0.116250 0.067500
leaf 0.735625 0.385000 0.288750 0.203333
leaf 0.673750 0.282083 0.242500 0.240833
leaf 0.491875 0.252500 0.163750 0.260000
leaf 0.414375 0.431667 0.071250 0.083333
leaf 0.253750 0.421667 0.320000 0.086667
leaf 0.236250 0.507083 0.412500 0.107500
stem 0.663125 0.665833 0.276250 0.115000
