flower 0.257500 0.469167 0.085000 0.058333
flower 0.198125 0.197917 0.083750 0.092500
flower 0.625000 0.134167 0.125000 0.065000
flower 0.765000 0.179583 0.087500 0.049167
flower 0.753750 0.111250 0.082500 0.065833
flower 0.687500 0.100000 0.127500 0.076667
flower 0.716875 0.457917 0.086250 0.072500
flower 0.653125 0.460000 0.078750 0.066667
flower 0.625000 0.488333 0.100000 0.050000
leaf 0.276875 0.166667 0.131250 0.146667
leaf 0.193125 0.285000 0.233750 0.076667
leaf 0.353125 0.360000 0.141250 0.170000
leaf 0.148125 0.464167 0.093750 0.166667
leaf 0.206875 0.624583 0.158750 0.127500
leaf 0.226250 0.717917 0.232500 0.112500
leaf 0.381875 0.709583 0.261250 0.165833
leaf 0.587500 0.672083 0.072500 0.072500
leaf 0.477500 0.572083 0.387500 0.122500
leaf 0.531875 0.475833 0.141250 0.081667
leaf 0.738750 0.410417 0.097500 0.080833
leaf 0.648125 0.408750 0.093750 0.047500
stem 0.383750 0.251667 0.112500 0.053333
stem 0.431250 0.385000 0.045000 0.250000
stem 0.900000 0.490000 0.142500 0.226667
stem 0.132500 0.689583 0.047500 0.072500
stem 0.098750 0.606667 0.040000 0.106667
stem 0.163750 0.533333 0.057500 0.028333
stem 0.226250 0.806250 0.122500 0.085833
stem 0.531250 0.764167 0.050000 0.145000
leaf 0.883750 0.122083 0.177500 0.190833
leaf 0.850000 0.301667 0.190000 0.178333
leaf 0.689375 0.282917 0.138750 0.167500
leaf 0.738750 0.059583 0.145000 0.077500
leaf 0.595625 0.166250 0.266250 0.090833
