flower 0.775000 0.164583 0.032500 0.015833
flower 0.649375 0.474583 0.031250 0.019167
flower 0.815625 0.525833 0.028750 0.015000
flower 0.672500 0.690000 0.037500 0.013333
leaf 0.862500 0.179583 0.110000 0.115833
leaf 0.789375 0.105417 0.096250 0.144167
leaf 0.739375 0.237083 0.098750 0.070833
leaf 0.830000 0.334583 0.190000 0.079167
leaf 0.634375 0.372083 0.128750 0.160833
leaf 0.762500 0.445417 0.177500 0.164167
leaf 0.404375 0.457917 0.281250 0.130833
leaf 0.609375 0.532500 0.103750 0.160000
leaf 0.841250 0.555417 0.245000 0.105833
leaf 0.546250 0.631667 0.082500 0.095000
leaf 0.817500 0.657083 0.237500 0.129167
leaf 0.331250 0.619167 0.280000 0.153333
leaf 0.108750 0.622500 0.152500 0.048333
leaf 0.186875 0.705833 0.188750 0.055000
leaf 0.240625 0.767917 0.213750 0.055833
leaf 0.582500 0.756667 0.097500 0.153333
leaf 0.750625 0.761667 0.178750 0.076667
stem 0.643125 0.251667 0.093750 0.081667
stem 0.740625 0.299583 0.071250 0.060833
stem 0.709375 0.357500 0.041250 0.060000
stem 0.529375 0.426667 0.058750 0.060000
stem 0.641250 0.445833 0.022500 0.036667
stem 0.558750 0.488750 0.037500 0.072500
stem 0.694375 0.568333 0.068750 0.063333
stem 0.740000 0.550000 0.050000 0.036667
stem 0.566250 0.578750 0.015000 0.045833
stem 0.635000 0.709167 0.035000 0.021667
stem 0.336250 0.717917 0.087500 0.047500
stem 0.460625 0.829167 0.163750 0.261667
leaf 0.502500 0.308333 0.212500 0.188333
