flower 0.326250 0.310833 0.057500 0.035000
flower 0.326875 0.270000 0.071250 0.053333
flower 0.246250 0.263750 0.100000 0.077500
flower 0.160000 0.244167 0.077500 0.065000
flower 0.133125 0.277917 0.081250 0.059167
flower 0.145000 0.330417 0.087500 0.027500
flower 0.089375 0.337500 0.088750 0.075000
flower 0.099375 0.392917 0.046250 0.050833
flower 0.185625 0.406667 0.071250 0.056667
flower 0.218125 0.449167 0.063750 0.048333
flower 0.140625 0.451667 0.096250 0.055000
leaf 0.798125 0.297083 0.206250 0.340833
leaf 0.369375 0.172500 0.208750 0.286667
leaf 0.588125 0.301667 0.243750 0.200000
leaf 0.540000 0.462083 0.280000 0.170833
leaf 0.314375 0.365833 0.363750 0.081667
leaf 0.659375 0.607500 0.163750 0.068333
leaf 0.393125 0.594167 0.376250 0.081667
leaf 0.106875 0.565833 0.181250 0.215000
leaf 0.548750 0.752917 0.260000 0.092500
stem 0.301250 0.694167 0.450000 0.048333
stem 0.598125 0.677500 0.121250 0.053333
stem 0.851875 0.620417 0.228750 0.342500
leaf 0.306250 0.501250 0.222500 0.164167
stem 0.720000 0.501250 0.065000 0.125833
