flower 0.116250 0.131667 0.127500 0.056667
flower 0.136875 0.157083 0.028750 0.017500
flower 0.158125 0.191250 0.123750 0.042500
flower 0.128750 0.256667 0.070000 0.050000
flower 0.195000 0.375417 0.022500 0.022500
flower 0.929375 0.099167 0.098750 0.075000
leaf 0.843125 0.107083 0.028750 0.019167
leaf 0.621875 0.213750 0.031250 0.027500
leaf 0.591875 0.297083 0.043750 0.015833
leaf 0.596875 0.372500 0.028750 0.021667
leaf 0.618750 0.463333 0.035000 0.026667
leaf 0.620625 0.521667 0.041250 0.028333
leaf 0.645000 0.613750 0.037500 0.024167
leaf 0.715625 0.654167 0.043750 0.028333
leaf 0.520000 0.572500 0.042500 0.031667
leaf 0.446875 0.547500 0.046250 0.041667
leaf 0.323125 0.512500 0.036250 0.028333
leaf 0.245000 0.649583 0.025000 0.022500
leaf 0.236875 0.584583 0.048750 0.034167
leaf 0.225000 0.477500 0.057500 0.026667
leaf 0.195625 0.282083 0.048750 0.029167
stem 0.727500 0.154167 0.205000 0.095000
stem 0.603125 0.259167 0.028750 0.065000
stem 0.595625 0.330417 0.016250 0.054167
stem 0.616250 0.415417 0.025000 0.067500
stem 0.618750 0.493333 0.012500 0.036667
stem 0.718125 0.690000 0.068750 0.046667
stem 0.670625 0.645417 0.053750 0.045833
stem 0.624375 0.569583 0.026250 0.067500
stem 0.585000 0.603750 0.075000 0.039167
stem 0.487500 0.565417 0.035000 0.015833
stem 0.438750 0.586667 0.045000 0.030000
stem 0.378125 0.532083 0.076250 0.030833
stem 0.219375 0.649583 0.033750 0.097500
stem 0.235000 0.619583 0.012500 0.037500
stem 0.231875 0.534167 0.026250 0.076667
stem 0.217500 0.427917 0.035000 0.077500
stem 0.188125 0.329167 0.066250 0.070000
stem 0.184375 0.242917 0.048750 0.050833
root 0.509375 0.622083 0.103750 0.052500
