fruit 0.277500 0.122500 0.072500 0.031667
fruit 0.268125 0.089167 0.048750 0.028333
fruit 0.296875 0.042083 0.068750 0.062500
fruit 0.412500 0.066667 0.075000 0.031667
fruit 0.764375 0.153333 0.053750 0.041667
fruit 0.751250 0.130833 0.067500 0.031667
fruit 0.788750 0.110000 0.075000 0.033333
fruit 0.863125 0.131250 0.023750 0.015833
fruit 0.872500 0.267500 0.085000 0.035000
fruit 0.892500 0.312083 0.112500 0.050833
fruit 0.518125 0.730000 0.056250 0.053333
fruit 0.455625 0.752500 0.096250 0.030000
fruit 0.429375 0.714583 0.073750 0.039167
fruit 0.376875 0.781250 0.046250 0.037500
leaf 0.638750 0.166250 0.257500 0.119167
leaf 0.325625 0.115833 0.266250 0.105000
leaf 0.366875 0.234583 0.396250 0.182500
leaf 0.638750 0.281667 0.267500 0.151667
leaf 0.542500 0.361667 0.387500 0.090000
leaf 0.103750 0.347083 0.162500 0.129167
leaf 0.631250 0.478750 0.282500 0.145833
leaf 0.400625 0.586667 0.451250 0.235000
leaf 0.703750 0.680000 0.257500 0.106667
leaf 0.508750 0.758750 0.275000 0.125833
stem 0.164375 0.480833 0.071250 0.111667
stem 0.164375 0.280833 0.028750 0.075000
stem 0.811875 0.236250 0.036250 0.215833
stem 0.786250 0.292083 0.037500 0.139167
stem 0.481250 0.136667 0.035000 0.078333
stem 0.780000 0.424167 0.085000 0.135000
stem 0.862500 0.591667 0.125000 0.198333
leaf 0.696250 0.587917 0.207500 0.094167
fruit 0.539375 0.823333 0.058750 0.051667
