fruit 0.696250 0.269583 0.032500 0.024167
fruit 0.256250 0.480000 0.037500 0.026667
fruit 0.286875 0.657500 0.036250 0.021667
fruit 0.222500 0.669167 0.035000 0.028333
fruit 0.254375 0.724583 0.033750 0.017500
leaf 0.246250 0.142917 0.117500 0.154167
leaf 0.354375 0.130000 0.133750 0.156667
leaf 0.380625 0.240000 0.173750 0.076667
leaf 0.490000 0.270417 0.175000 0.087500
leaf 0.533125 0.333333 0.108750 0.030000
leaf 0.727500 0.204583 0.117500 0.137500
leaf 0.525625 0.391250 0.043750 0.062500
leaf 0.406875 0.374167 0.153750 0.125000
leaf 0.391875 0.464167 0.118750 0.056667
leaf 0.163125 0.527917 0.101250 0.032500
leaf 0.356250 0.657083 0.075000 0.109167
leaf 0.186875 0.622083 0.148750 0.115833
leaf 0.167500 0.710000 0.160000 0.056667
stem 0.258750 0.306250 0.142500 0.104167
stem 0.137500 0.386667 0.122500 0.045000
stem 0.799375 0.384583 0.171250 0.212500
stem 0.290625 0.569167 0.113750 0.041667
stem 0.643750 0.667917 0.515000 0.352500
stem 0.324375 0.735833 0.091250 0.041667
leaf 0.288750 0.623750 0.065000 0.045833
leaf 0.278750 0.502083 0.110000 0.080833
leaf 0.154375 0.467500 0.173750 0.091667
leaf 0.270625 0.405000 0.108750 0.110000
leaf 0.863125 0.205000 0.143750 0.115000
leaf 0.643750 0.307917 0.132500 0.132500
leaf 0.573125 0.180833 0.201250 0.131667
