flower 0.720000 0.210417 0.050000 0.027500
flower 0.809375 0.229167 0.026250 0.035000
flower 0.644375 0.265833 0.043750 0.028333
flower 0.756250 0.268333 0.077500 0.030000
flower 0.837500 0.280000 0.085000 0.033333
flower 0.710000 0.330833 0.060000 0.051667
flower 0.447500 0.305000 0.145000 0.066667
flower 0.485625 0.280417 0.163750 0.062500
flower 0.504375 0.244167 0.056250 0.055000
leaf 0.763125 0.206250 0.106250 0.139167
leaf 0.399375 0.184583 0.108750 0.092500
leaf 0.486875 0.232500 0.161250 0.053333
leaf 0.830000 0.337500 0.085000 0.088333
leaf 0.759375 0.325417 0.056250 0.057500
leaf 0.650000 0.283333 0.125000 0.093333
leaf 0.594375 0.329167 0.181250 0.098333
leaf 0.385625 0.394167 0.141250 0.051667
leaf 0.325000 0.316250 0.172500 0.107500
leaf 0.548125 0.396667 0.128750 0.043333
leaf 0.671250 0.405000 0.147500 0.053333
leaf 0.252500 0.656250 0.067500 0.110833
leaf 0.383750 0.679583 0.067500 0.112500
leaf 0.483125 0.637917 0.081250 0.057500
leaf 0.588750 0.632917 0.182500 0.059167
leaf 0.570625 0.564167 0.148750 0.060000
leaf 0.541250 0.490833 0.090000 0.135000
leaf 0.507500 0.458750 0.050000 0.070833
leaf 0.301250 0.615417 0.112500 0.084167
leaf 0.337500 0.558750 0.150000 0.115833
leaf 0.215000 0.531667 0.045000 0.073333
leaf 0.284375 0.474583 0.076250 0.114167
leaf 0.222500 0.415000 0.075000 0.126667
leaf 0.138125 0.407083 0.091250 0.122500
leaf 0.140000 0.483333 0.087500 0.090000
stem 0.445625 0.488333 0.083750 0.136667
stem 0.409375 0.461667 0.103750 0.080000
stem 0.331250 0.688333 0.040000 0.060000
stem 0.811250 0.548750 0.077500 0.334167
stem 0.221875 0.315833 0.038750 0.068333
stem 0.325625 0.247500 0.141250 0.038333
