flower 0.199375 0.168333 0.098750 0.075000
flower 0.505000 0.145000 0.082500 0.051667
flower 0.621250 0.242917 0.112500 0.082500
flower 0.783125 0.266250 0.041250 0.025833
flower 0.613750 0.432500 0.037500 0.025000
flower 0.235000 0.485417 0.042500 0.029167
leaf 0.327500 0.585000 0.102500 0.081667
leaf 0.507500 0.566667 0.085000 0.076667
leaf 0.566250 0.520833 0.080000 0.065000
leaf 0.638125 0.558333 0.028750 0.065000
leaf 0.701875 0.514167 0.056250 0.075000
leaf 0.741875 0.445833 0.033750 0.066667
flower 0.773125 0.371250 0.036250 0.025833
flower 0.791250 0.427917 0.047500 0.049167
flower 0.766875 0.323750 0.038750 0.072500
stem 0.766875 0.187500 0.233750 0.081667
stem 0.845000 0.312917 0.072500 0.174167
stem 0.384375 0.336250 0.251250 0.324167
leaf 0.333750 0.663333 0.087500 0.073333
leaf 0.411875 0.723750 0.041250 0.055833
leaf 0.379375 0.729167 0.048750 0.025000
leaf 0.543125 0.660000 0.086250 0.111667
leaf 0.608750 0.758333 0.070000 0.083333
leaf 0.549375 0.762500 0.058750 0.071667
leaf 0.600625 0.639583 0.058750 0.115833
stem 0.431250 0.800417 0.047500 0.085833
stem 0.479375 0.892500 0.196250 0.130000
