flower 0.625000 0.181667 0.100000 0.068333
flower 0.543750 0.200833 0.095000 0.055000
flower 0.509375 0.160000 0.096250 0.063333
flower 0.400625 0.174167 0.106250 0.071667
flower 0.272500 0.215833 0.080000 0.055000
flower 0.226250 0.253750 0.102500 0.059167
flower 0.193125 0.306667 0.111250 0.063333
leaf 0.670625 0.537500 0.136250 0.086667
leaf 0.715625 0.441667 0.253750 0.123333
leaf 0.646875 0.333333 0.256250 0.201667
leaf 0.428750 0.541250 0.247500 0.084167
stem 0.571250 0.642917 0.065000 0.282500
leaf 0.403750 0.432500 0.322500 0.145000
leaf 0.373125 0.286250 0.266250 0.162500
