flower 0.230625 0.095000 0.063750 0.063333
flower 0.296875 0.084167 0.051250 0.048333
flower 0.351875 0.092917 0.028750 0.030833
flower 0.398125 0.103333 0.036250 0.026667
flower 0.418125 0.133333 0.033750 0.025000
flower 0.214375 0.197083 0.031250 0.037500
flower 0.251875 0.240417 0.096250 0.082500
flower 0.273750 0.253333 0.092500 0.073333
flower 0.829375 0.085000 0.076250 0.068333
flower 0.821250 0.216250 0.025000 0.030833
fruit 0.421250 0.655000 0.167500 0.156667
stem 0.537500 0.719167 0.087500 0.153333
stem 0.726875 0.638750 0.076250 0.069167
stem 0.787500 0.779583 0.410000 0.147500
stem 0.478125 0.611250 0.038750 0.057500
stem 0.450625 0.564583 0.033750 0.037500
stem 0.382500 0.464583 0.035000 0.052500
stem 0.766250 0.572083 0.030000 0.062500
stem 0.854375 0.392500 0.043750 0.071667
stem 0.823750 0.445417 0.025000 0.032500
stem 0.875000 0.242500 0.070000 0.230000
stem 0.369375 0.193750 0.083750 0.092500
stem 0.300000 0.157500 0.075000 0.081667
stem 0.223750 0.154583 0.062500 0.045833
stem 0.317500 0.331250 0.045000 0.080833
leaf 0.890000 0.584167 0.177500 0.113333
leaf 0.247500 0.510417 0.320000 0.185833
leaf 0.172500 0.349167 0.282500 0.150000
leaf 0.488125 0.518750 0.193750 0.122500
leaf 0.442500 0.401250 0.257500 0.090833
leaf 0.446875 0.317083 0.238750 0.090833
leaf 0.695625 0.549583 0.208750 0.107500
leaf 0.824375 0.462917 0.188750 0.154167
leaf 0.655000 0.445833 0.197500 0.121667
leaf 0.645625 0.251667 0.406250 0.281667
