flower 0.293125 0.062083 0.048750 0.022500
flower 0.321875 0.102917 0.011250 0.007500
flower 0.305000 0.092500 0.030000 0.011667
flower 0.313750 0.078750 0.010000 0.005833
flower 0.365625 0.096250 0.021250 0.029167
flower 0.367500 0.121667 0.022500 0.015000
flower 0.351250 0.136667 0.025000 0.020000
flower 0.287500 0.300000 0.037500 0.028333
flower 0.328750 0.335833 0.017500 0.013333
flower 0.305000 0.327500 0.027500 0.011667
flower 0.331250 0.307500 0.012500 0.011667
flower 0.368750 0.311667 0.010000 0.010000
flower 0.386250 0.335833 0.025000 0.010000
flower 0.850000 0.398333 0.015000 0.010000
flower 0.873750 0.413750 0.020000 0.019167
flower 0.865625 0.426250 0.026250 0.015833
flower 0.833750 0.424583 0.020000 0.014167
flower 0.765625 0.390833 0.028750 0.018333
flower 0.656875 0.640417 0.018750 0.009167
flower 0.661875 0.670417 0.016250 0.012500
flower 0.778125 0.669583 0.011250 0.007500
flower 0.797500 0.677083 0.020000 0.017500
flower 0.797500 0.644167 0.022500 0.015000
flower 0.086875 0.792083 0.021250 0.010833
flower 0.127500 0.785000 0.032500 0.016667
flower 0.153750 0.753750 0.017500 0.009167
flower 0.176875 0.754583 0.016250 0.010833
leaf 0.126875 0.674167 0.171250 0.143333
leaf 0.225625 0.831250 0.131250 0.109167
leaf 0.739375 0.655000 0.153750 0.110000
leaf 0.491250 0.648333 0.262500 0.108333
leaf 0.473750 0.565000 0.217500 0.086667
leaf 0.728125 0.555417 0.193750 0.082500
leaf 0.619375 0.523333 0.131250 0.071667
leaf 0.273750 0.540417 0.150000 0.097500
leaf 0.380000 0.492500 0.117500 0.071667
leaf 0.295000 0.444583 0.187500 0.080833
leaf 0.119375 0.397083 0.216250 0.084167
leaf 0.636250 0.446250 0.117500 0.079167
leaf 0.762500 0.440000 0.175000 0.098333
leaf 0.656875 0.326667 0.161250 0.116667
leaf 0.539375 0.269167 0.133750 0.065000
leaf 0.378750 0.263750 0.182500 0.074167
leaf 0.298750 0.195000 0.197500 0.086667
leaf 0.176875 0.214583 0.123750 0.072500
leaf 0.143750 0.146250 0.115000 0.072500
leaf 0.521875 0.140417 0.193750 0.189167
leaf 0.275625 0.118750 0.188750 0.100833
stem 0.095625 0.215000 0.038750 0.015000
stem 0.391250 0.152917 0.035000 0.047500
stem 0.426875 0.198333 0.051250 0.050000
stem 0.270000 0.395417 0.040000 0.017500
stem 0.405000 0.433333 0.055000 0.050000
stem 0.255000 0.492917 0.012500 0.024167
stem 0.460000 0.488333 0.072500 0.093333
stem 0.630000 0.392500 0.105000 0.021667
stem 0.318125 0.630000 0.078750 0.095000
stem 0.529375 0.706250 0.093750 0.012500
stem 0.584375 0.689583 0.043750 0.024167
stem 0.328125 0.737500 0.238750 0.071667
stem 0.613125 0.573750 0.046250 0.025833
leaf 0.265625 0.370000 0.176250 0.078333
leaf 0.218750 0.309167 0.092500 0.053333
leaf 0.463750 0.369167 0.215000 0.143333
leaf 0.399375 0.068333 0.121250 0.135000
