flower 0.393750 0.715000 0.055000 0.036667
flower 0.330000 0.779167 0.077500 0.035000
flower 0.239375 0.695000 0.038750 0.030000
flower 0.296250 0.681250 0.060000 0.029167
flower 0.245625 0.652083 0.063750 0.039167
flower 0.294375 0.613333 0.056250 0.020000
leaf 0.315000 0.340417 0.127500 0.192500
leaf 0.665625 0.375000 0.238750 0.255000
stem 0.529375 0.322917 0.031250 0.082500
stem 0.635000 0.641250 0.117500 0.220833
stem 0.292500 0.490833 0.025000 0.111667
stem 0.371875 0.223750 0.033750 0.035833
stem 0.471875 0.084583 0.063750 0.067500
stem 0.500000 0.147917 0.017500 0.057500
leaf 0.398750 0.518750 0.325000 0.222500
leaf 0.173125 0.465833 0.186250 0.093333
leaf 0.776250 0.836667 0.357500 0.180000
leaf 0.408750 0.165000 0.255000 0.203333
leaf 0.748750 0.137917 0.475000 0.270833
