flower 0.478750 0.728333 0.040000 0.030000
flower 0.478750 0.706250 0.037500 0.019167
flower 0.606250 0.657500 0.025000 0.008333
flower 0.563125 0.477500 0.026250 0.025000
flower 0.564375 0.454583 0.026250 0.019167
flower 0.606250 0.453750 0.027500 0.022500
flower 0.518125 0.156667 0.043750 0.030000
flower 0.560000 0.147917 0.027500 0.014167
flower 0.276250 0.198750 0.040000 0.029167
flower 0.255000 0.220000 0.040000 0.013333
flower 0.621250 0.185000 0.047500 0.020000
flower 0.605000 0.200833 0.032500 0.015000
leaf 0.301875 0.220833 0.146250 0.055000
leaf 0.300000 0.146667 0.120000 0.081667
leaf 0.196250 0.144583 0.097500 0.139167
leaf 0.514375 0.255417 0.168750 0.085833
leaf 0.752500 0.172917 0.262500 0.107500
leaf 0.572500 0.188750 0.067500 0.044167
leaf 0.612500 0.123750 0.120000 0.100833
leaf 0.398125 0.429583 0.196250 0.212500
leaf 0.324375 0.530833 0.298750 0.123333
leaf 0.780625 0.546250 0.273750 0.170833
stem 0.498750 0.622917 0.037500 0.152500
stem 0.611250 0.530000 0.047500 0.093333
stem 0.568125 0.707917 0.128750 0.087500
stem 0.514375 0.767083 0.018750 0.147500
stem 0.568125 0.362917 0.041250 0.157500
stem 0.250625 0.267500 0.046250 0.071667
