flower 0.411250 0.348333 0.677500 0.295000
leaf 0.784375 0.181667 0.211250 0.113333
leaf 0.653125 0.247083 0.126250 0.174167
leaf 0.506875 0.094583 0.251250 0.122500
leaf 0.757500 0.320000 0.080000 0.115000
leaf 0.775625 0.407917 0.053750 0.047500
leaf 0.753750 0.450417 0.132500 0.049167
leaf 0.898125 0.542917 0.203750 0.187500
leaf 0.707500 0.605000 0.200000 0.086667
leaf 0.898125 0.720833 0.151250 0.115000
leaf 0.734375 0.705000 0.148750 0.101667
leaf 0.600625 0.705000 0.133750 0.085000
leaf 0.488125 0.842500 0.218750 0.191667
leaf 0.486250 0.667083 0.065000 0.135833
leaf 0.453125 0.524167 0.178750 0.070000
leaf 0.268125 0.524583 0.206250 0.059167
stem 0.713750 0.528333 0.052500 0.086667
stem 0.582500 0.625833 0.077500 0.095000
stem 0.650000 0.788333 0.047500 0.115000
leaf 0.654375 0.087500 0.091250 0.116667
leaf 0.532500 0.185833 0.185000 0.061667
leaf 0.586250 0.517500 0.127500 0.070000
leaf 0.427500 0.594583 0.125000 0.094167
leaf 0.430000 0.448750 0.087500 0.104167
leaf 0.316250 0.462500 0.127500 0.110000
