fruit 0.091875 0.174167 0.056250 0.048333
fruit 0.139375 0.124583 0.078750 0.067500
fruit 0.203125 0.111250 0.061250 0.070833
fruit 0.192500 0.055833 0.110000 0.041667
stem 0.298125 0.242500 0.311250 0.158333
stem 0.537500 0.367500 0.185000 0.121667
stem 0.745625 0.525000 0.098750 0.063333
leaf 0.495000 0.673333 0.160000 0.113333
leaf 0.254375 0.547500 0.126250 0.170000
leaf 0.672500 0.437500 0.072500 0.098333
leaf 0.720000 0.600833 0.160000 0.088333
stem 0.591250 0.669583 0.047500 0.032500
stem 0.371250 0.757083 0.070000 0.030833
leaf 0.407500 0.783750 0.042500 0.032500
leaf 0.429375 0.839583 0.093750 0.047500
leaf 0.347500 0.837083 0.075000 0.035833
stem 0.245000 0.811250 0.097500 0.054167
root 0.103125 0.840000 0.168750 0.115000
stem 0.178750 0.907083 0.227500 0.057500
stem 0.190625 0.697500 0.056250 0.118333
