flower 0.533125 0.275000 0.091250 0.133333
flower 0.458125 0.305417 0.068750 0.055833
flower 0.420625 0.285000 0.031250 0.026667
flower 0.454375 0.231667 0.013750 0.020000
flower 0.451250 0.369167 0.090000 0.063333
flower 0.363750 0.436250 0.070000 0.042500
flower 0.606875 0.329167 0.058750 0.081667
flower 0.550000 0.381667 0.100000 0.076667
flower 0.662500 0.403750 0.095000 0.069167
flower 0.715625 0.434583 0.071250 0.034167
flower 0.733125 0.486250 0.056250 0.052500
flower 0.681875 0.556250 0.068750 0.040833
flower 0.472500 0.545417 0.085000 0.042500
flower 0.474375 0.503750 0.061250 0.035833
flower 0.478125 0.458333 0.068750 0.070000
flower 0.500625 0.408750 0.058750 0.045833
flower 0.549375 0.387917 0.081250 0.092500
flower 0.624375 0.426667 0.083750 0.053333
flower 0.576250 0.463750 0.075000 0.052500
flower 0.658125 0.470833 0.071250 0.051667
flower 0.630000 0.510833 0.075000 0.045000
flower 0.695625 0.511250 0.063750 0.049167
leaf 0.394375 0.265417 0.203750 0.365833
leaf 0.744375 0.368333 0.396250 0.601667
leaf 0.255625 0.562500 0.431250 0.196667
stem 0.517500 0.614583 0.075000 0.134167
stem 0.733750 0.637500 0.035000 0.110000
stem 0.628125 0.812083 0.213750 0.267500
