fruit 0.501875 0.176667 0.116250 0.070000
fruit 0.225000 0.210833 0.105000 0.061667
fruit 0.764375 0.772083 0.096250 0.055833
leaf 0.736250 0.174583 0.225000 0.170833
leaf 0.513125 0.245000 0.403750 0.266667
leaf 0.515000 0.459167 0.200000 0.096667
leaf 0.283125 0.496250 0.288750 0.185833
leaf 0.143125 0.607500 0.253750 0.171667
leaf 0.293750 0.687083 0.262500 0.165833
leaf 0.846250 0.751667 0.155000 0.096667
stem 0.605000 0.629167 0.317500 0.235000
stem 0.381250 0.609583 0.052500 0.035833
stem 0.801875 0.435417 0.123750 0.335833
