fruit 0.435625 0.201667 0.038750 0.023333
fruit 0.208750 0.432500 0.040000 0.021667
fruit 0.165625 0.430833 0.043750 0.025000
flower 0.365625 0.465000 0.021250 0.016667
flower 0.341875 0.327083 0.026250 0.015833
flower 0.426250 0.178333 0.020000 0.011667
flower 0.575000 0.448333 0.027500 0.010000
flower 0.298750 0.466667 0.015000 0.020000
flower 0.190625 0.408333 0.023750 0.020000
leaf 0.366250 0.164583 0.105000 0.100833
leaf 0.728125 0.305417 0.193750 0.099167
leaf 0.511875 0.222083 0.168750 0.070833
leaf 0.651875 0.610000 0.126250 0.156667
leaf 0.656250 0.708750 0.277500 0.059167
leaf 0.473125 0.599583 0.268750 0.155833
leaf 0.303125 0.716667 0.091250 0.153333
leaf 0.146250 0.689583 0.232500 0.094167
leaf 0.289375 0.565833 0.166250 0.185000
leaf 0.488125 0.491250 0.201250 0.064167
leaf 0.171875 0.496667 0.236250 0.083333
leaf 0.213125 0.393333 0.086250 0.150000
leaf 0.257500 0.291667 0.160000 0.080000
stem 0.154375 0.147083 0.151250 0.192500
stem 0.243125 0.068750 0.381250 0.112500
stem 0.489375 0.140833 0.181250 0.055000
stem 0.277500 0.231667 0.285000 0.040000
stem 0.373125 0.273333 0.091250 0.090000
stem 0.451875 0.530417 0.088750 0.055833
leaf 0.426250 0.833333 0.142500 0.203333
leaf 0.840000 0.648750 0.267500 0.134167
leaf 0.814375 0.542500 0.213750 0.078333
leaf 0.747500 0.480833 0.320000 0.083333
leaf 0.072500 0.344167 0.077500 0.145000
leaf 0.147500 0.308750 0.070000 0.112500
leaf 0.325625 0.438750 0.176250 0.062500
leaf 0.441875 0.390833 0.316250 0.130000
leaf 0.720625 0.394583 0.253750 0.095833
leaf 0.536250 0.300833 0.197500 0.090000
leaf 0.621250 0.093333 0.312500 0.075000
