flower 0.304375 0.138333 0.071250 0.076667
flower 0.171875 0.146250 0.098750 0.064167
flower 0.327500 0.464583 0.097500 0.049167
leaf 0.402500 0.113333 0.172500 0.060000
leaf 0.646250 0.072917 0.132500 0.122500
leaf 0.585625 0.125000 0.121250 0.036667
leaf 0.648750 0.155000 0.107500 0.023333
leaf 0.580000 0.202500 0.135000 0.091667
leaf 0.188750 0.253750 0.062500 0.044167
leaf 0.150000 0.261667 0.027500 0.050000
leaf 0.113125 0.400000 0.073750 0.056667
leaf 0.157500 0.334583 0.087500 0.110833
leaf 0.269375 0.355833 0.108750 0.021667
leaf 0.340625 0.355417 0.028750 0.047500
leaf 0.289375 0.404167 0.106250 0.155000
leaf 0.399375 0.414583 0.078750 0.142500
leaf 0.341875 0.379167 0.056250 0.071667
leaf 0.546250 0.423750 0.100000 0.049167
leaf 0.545625 0.371667 0.083750 0.040000
leaf 0.529375 0.328750 0.091250 0.055833
leaf 0.618125 0.401667 0.056250 0.065000
leaf 0.638750 0.361250 0.072500 0.084167
leaf 0.713125 0.414583 0.093750 0.064167
leaf 0.771875 0.407083 0.086250 0.090833
leaf 0.695625 0.362083 0.121250 0.047500
leaf 0.833750 0.418333 0.117500 0.100000
leaf 0.205000 0.619167 0.067500 0.035000
leaf 0.170625 0.642500 0.056250 0.051667
leaf 0.116250 0.632083 0.047500 0.072500
leaf 0.605000 0.822500 0.150000 0.108333
leaf 0.629375 0.756667 0.033750 0.040000
flower 0.700000 0.552083 0.050000 0.015833
stem 0.796250 0.179583 0.172500 0.045833
stem 0.847500 0.288333 0.090000 0.160000
stem 0.440625 0.245833 0.183750 0.118333
stem 0.141250 0.508333 0.020000 0.163333
stem 0.583750 0.608750 0.070000 0.304167
stem 0.696250 0.651667 0.092500 0.175000
stem 0.761875 0.504583 0.068750 0.082500
stem 0.144375 0.711250 0.021250 0.074167
stem 0.164375 0.205417 0.031250 0.052500
stem 0.411875 0.141667 0.106250 0.013333
