fruit 0.418125 0.327083 0.043750 0.089167
fruit 0.398750 0.330833 0.070000 0.075000
fruit 0.260000 0.184583 0.022500 0.035833
leaf 0.223125 0.119583 0.038750 0.064167
leaf 0.177500 0.130417 0.057500 0.044167
leaf 0.306250 0.185417 0.055000 0.057500
leaf 0.233125 0.202083 0.093750 0.025833
leaf 0.361875 0.256667 0.056250 0.053333
leaf 0.299375 0.304583 0.073750 0.054167
leaf 0.392500 0.407083 0.097500 0.070833
leaf 0.460000 0.405833 0.022500 0.053333
leaf 0.475625 0.471667 0.046250 0.058333
leaf 0.433125 0.503750 0.101250 0.025833
leaf 0.466875 0.578333 0.081250 0.053333
leaf 0.449375 0.604583 0.101250 0.022500
leaf 0.476875 0.667917 0.068750 0.037500
leaf 0.518750 0.730000 0.030000 0.075000
leaf 0.484375 0.709583 0.033750 0.054167
leaf 0.467500 0.744167 0.085000 0.045000
leaf 0.488750 0.807083 0.077500 0.059167
stem 0.238125 0.175000 0.033750 0.043333
stem 0.304375 0.244167 0.048750 0.055000
stem 0.487500 0.546250 0.022500 0.064167
stem 0.500000 0.633333 0.010000 0.040000
stem 0.510625 0.783750 0.016250 0.032500
leaf 0.503125 0.871250 0.051250 0.030833
stem 0.466250 0.909167 0.037500 0.028333
