fruit 0.600625 0.151667 0.063750 0.043333
fruit 0.542500 0.148750 0.070000 0.047500
fruit 0.470000 0.184583 0.057500 0.037500
fruit 0.500000 0.236250 0.085000 0.054167
fruit 0.346250 0.225417 0.072500 0.045833
fruit 0.280000 0.405833 0.062500 0.040000
fruit 0.210625 0.487500 0.083750 0.051667
fruit 0.234375 0.530000 0.071250 0.050000
fruit 0.186250 0.525833 0.067500 0.045000
fruit 0.210625 0.615833 0.061250 0.045000
fruit 0.385625 0.706667 0.068750 0.036667
fruit 0.600625 0.756667 0.063750 0.041667
fruit 0.650625 0.753333 0.058750 0.026667
fruit 0.800625 0.755417 0.068750 0.042500
fruit 0.754375 0.685417 0.066250 0.047500
fruit 0.615625 0.623750 0.071250 0.045833
fruit 0.612500 0.573750 0.080000 0.045833
fruit 0.599375 0.535833 0.063750 0.036667
fruit 0.676875 0.506250 0.053750 0.049167
fruit 0.614375 0.438750 0.098750 0.050833
fruit 0.587500 0.367500 0.070000 0.050000
fruit 0.552500 0.330000 0.042500 0.038333
fruit 0.486875 0.333750 0.076250 0.059167
fruit 0.483750 0.294583 0.057500 0.025833
leaf 0.330000 0.061250 0.085000 0.060833
leaf 0.447500 0.054583 0.097500 0.079167
leaf 0.693750 0.131667 0.132500 0.050000
leaf 0.570625 0.089583 0.093750 0.077500
leaf 0.622500 0.232083 0.102500 0.042500
leaf 0.500000 0.195417 0.065000 0.030833
leaf 0.560625 0.262500 0.051250 0.071667
leaf 0.418750 0.231250 0.072500 0.074167
leaf 0.318125 0.210833 0.056250 0.075000
leaf 0.282500 0.292500 0.160000 0.101667
leaf 0.101250 0.312500 0.127500 0.098333
leaf 0.236250 0.362500 0.142500 0.068333
leaf 0.177500 0.440833 0.155000 0.100000
leaf 0.170000 0.553750 0.120000 0.094167
leaf 0.188125 0.634583 0.158750 0.055833
leaf 0.365625 0.677917 0.133750 0.037500
leaf 0.445625 0.735833 0.158750 0.041667
leaf 0.662500 0.778750 0.202500 0.042500
leaf 0.856875 0.775833 0.073750 0.048333
leaf 0.741875 0.751250 0.063750 0.035833
leaf 0.660000 0.686667 0.097500 0.090000
leaf 0.780625 0.638333 0.073750 0.070000
leaf 0.721250 0.567083 0.060000 0.097500
leaf 0.723125 0.480417 0.066250 0.075833
leaf 0.591250 0.491250 0.115000 0.050833
leaf 0.516250 0.445833 0.097500 0.045000
leaf 0.675000 0.427083 0.060000 0.100833
leaf 0.513125 0.392083 0.111250 0.067500
leaf 0.425625 0.331667 0.056250 0.050000
leaf 0.660625 0.360417 0.078750 0.095833
leaf 0.615625 0.308333 0.123750 0.040000
stem 0.374375 0.143750 0.051250 0.102500
stem 0.286875 0.690000 0.106250 0.046667
stem 0.676875 0.599583 0.033750 0.067500
stem 0.719375 0.646667 0.033750 0.043333
stem 0.508750 0.771250 0.110000 0.030833
fruit 0.673750 0.836250 0.085000 0.050833
fruit 0.802500 0.837083 0.070000 0.044167
stem 0.830000 0.876667 0.090000 0.050000
