flower 0.413750 0.183750 0.062500 0.047500
leaf 0.330000 0.423333 0.220000 0.080000
leaf 0.489375 0.744167 0.183750 0.178333
leaf 0.341250 0.607500 0.342500 0.091667
leaf 0.712500 0.522500 0.290000 0.138333
leaf 0.320625 0.513333 0.356250 0.111667
leaf 0.695000 0.389167 0.307500 0.238333
leaf 0.453125 0.332917 0.191250 0.222500
leaf 0.657500 0.238333 0.200000 0.143333
leaf 0.520000 0.158333 0.212500 0.133333
leaf 0.280000 0.216250 0.235000 0.179167
stem 0.549375 0.643750 0.051250 0.120833
stem 0.542500 0.570417 0.045000 0.065833
