leaf 0.390625 0.345000 0.041250 0.071667
leaf 0.755625 0.055833 0.046250 0.088333
leaf 0.263125 0.164583 0.096250 0.050833
leaf 0.280000 0.263750 0.055000 0.064167
leaf 0.330000 0.307917 0.075000 0.147500
stem 0.711250 0.256250 0.070000 0.055833
stem 0.655625 0.240833 0.031250 0.086667
stem 0.449375 0.254167 0.018750 0.025000
stem 0.532500 0.335417 0.030000 0.070833
stem 0.411250 0.475000 0.155000 0.186667
stem 0.567500 0.492083 0.170000 0.169167
stem 0.540000 0.661250 0.165000 0.179167
leaf 0.634375 0.347917 0.158750 0.115833
leaf 0.395000 0.250417 0.082500 0.097500
leaf 0.376875 0.143333 0.156250 0.141667
leaf 0.495625 0.192083 0.098750 0.072500
leaf 0.563125 0.233750 0.133750 0.117500
leaf 0.543750 0.119583 0.060000 0.059167
leaf 0.753750 0.162083 0.100000 0.089167
leaf 0.681250 0.142500 0.105000 0.098333
