flower 0.316250 0.488750 0.022500 0.024167
flower 0.633750 0.367500 0.040000 0.018333
flower 0.334375 0.279583 0.026250 0.019167
leaf 0.223125 0.162917 0.198750 0.212500
leaf 0.427500 0.242500 0.230000 0.133333
leaf 0.309375 0.342500 0.211250 0.113333
leaf 0.792500 0.401250 0.340000 0.109167
leaf 0.638750 0.471667 0.185000 0.101667
leaf 0.498125 0.483333 0.123750 0.166667
leaf 0.340625 0.525417 0.131250 0.124167
leaf 0.201875 0.448750 0.236250 0.159167
leaf 0.594375 0.680833 0.226250 0.141667
leaf 0.443750 0.739583 0.147500 0.162500
stem 0.429375 0.616667 0.091250 0.080000
stem 0.413125 0.440000 0.113750 0.043333
stem 0.427500 0.417917 0.032500 0.037500
stem 0.473125 0.424583 0.048750 0.025833
leaf 0.510625 0.358750 0.201250 0.100833
leaf 0.621875 0.290000 0.168750 0.140000
