flower 0.659375 0.189583 0.066250 0.045833
flower 0.741875 0.187917 0.036250 0.032500
flower 0.705000 0.146250 0.080000 0.044167
flower 0.326250 0.316250 0.032500 0.017500
flower 0.223750 0.347917 0.050000 0.037500
flower 0.169375 0.312083 0.058750 0.050833
flower 0.246250 0.260833 0.075000 0.026667
flower 0.173750 0.261250 0.092500 0.045833
flower 0.096875 0.432500 0.076250 0.048333
flower 0.125625 0.367083 0.063750 0.027500
flower 0.095625 0.391667 0.076250 0.045000
leaf 0.686250 0.173333 0.085000 0.061667
leaf 0.774375 0.215000 0.068750 0.096667
leaf 0.682500 0.264583 0.172500 0.124167
leaf 0.776250 0.408333 0.167500 0.088333
leaf 0.562500 0.541250 0.240000 0.087500
leaf 0.386875 0.498333 0.233750 0.081667
stem 0.763750 0.352083 0.017500 0.047500
stem 0.457500 0.443750 0.050000 0.035833
stem 0.666875 0.600000 0.026250 0.036667
stem 0.700000 0.515000 0.032500 0.026667
leaf 0.833750 0.350833 0.120000 0.088333
leaf 0.605000 0.412917 0.235000 0.177500
leaf 0.480625 0.348750 0.098750 0.102500
leaf 0.390000 0.306667 0.105000 0.108333
leaf 0.341250 0.410833 0.240000 0.095000
leaf 0.270625 0.312500 0.101250 0.100000
leaf 0.223125 0.428333 0.133750 0.093333
