leaf 0.257500 0.059167 0.085000 0.078333
leaf 0.400000 0.055000 0.115000 0.081667
leaf 0.451875 0.116250 0.131250 0.055833
leaf 0.490000 0.167083 0.117500 0.052500
leaf 0.551250 0.093750 0.087500 0.077500
leaf 0.622500 0.119583 0.072500 0.072500
leaf 0.639375 0.078333 0.076250 0.055000
leaf 0.819375 0.092500 0.048750 0.061667
leaf 0.749375 0.189167 0.048750 0.065000
leaf 0.713125 0.129583 0.098750 0.094167
leaf 0.138125 0.200000 0.106250 0.066667
leaf 0.237500 0.195000 0.152500 0.123333
leaf 0.275000 0.269167 0.035000 0.053333
leaf 0.230625 0.314167 0.076250 0.021667
leaf 0.295625 0.310000 0.051250 0.035000
leaf 0.168125 0.397917 0.063750 0.082500
leaf 0.297500 0.408333 0.060000 0.080000
leaf 0.475000 0.790000 0.055000 0.048333
leaf 0.824375 0.654583 0.033750 0.022500
leaf 0.502500 0.677917 0.115000 0.030833
leaf 0.393125 0.602083 0.056250 0.095833
leaf 0.460000 0.590417 0.062500 0.064167
leaf 0.538125 0.603750 0.096250 0.080833
leaf 0.491250 0.552083 0.045000 0.029167
leaf 0.380000 0.544167 0.080000 0.056667
leaf 0.756875 0.563333 0.073750 0.078333
leaf 0.564375 0.515000 0.061250 0.046667
leaf 0.684375 0.492500 0.051250 0.070000
leaf 0.345625 0.487917 0.086250 0.080833
leaf 0.407500 0.420833 0.095000 0.081667
leaf 0.548125 0.459167 0.063750 0.065000
leaf 0.619375 0.446250 0.091250 0.079167
leaf 0.556250 0.387500 0.050000 0.071667
leaf 0.423750 0.322083 0.135000 0.089167
leaf 0.613750 0.325833 0.095000 0.101667
leaf 0.800625 0.362083 0.103750 0.077500
leaf 0.844375 0.322500 0.081250 0.031667
leaf 0.735625 0.297083 0.053750 0.042500
leaf 0.814375 0.282083 0.098750 0.050833
leaf 0.655000 0.254167 0.055000 0.073333
leaf 0.509375 0.252083 0.141250 0.087500
leaf 0.618125 0.209167 0.076250 0.105000
leaf 0.386250 0.182083 0.142500 0.100833
stem 0.285625 0.118333 0.016250 0.038333
stem 0.462500 0.191250 0.015000 0.034167
stem 0.826250 0.188750 0.110000 0.130833
stem 0.746250 0.248333 0.032500 0.060000
stem 0.695625 0.194167 0.043750 0.031667
stem 0.861250 0.297917 0.022500 0.017500
stem 0.771875 0.305000 0.023750 0.016667
stem 0.689375 0.363333 0.061250 0.155000
stem 0.736875 0.367083 0.026250 0.070833
stem 0.760000 0.461250 0.070000 0.114167
stem 0.867500 0.570833 0.145000 0.175000
stem 0.738750 0.791667 0.202500 0.250000
stem 0.542500 0.774167 0.080000 0.246667
stem 0.451250 0.703750 0.120000 0.119167
stem 0.651250 0.592500 0.122500 0.130000
stem 0.549375 0.561667 0.018750 0.038333
stem 0.525625 0.513333 0.016250 0.023333
stem 0.238125 0.491250 0.133750 0.090833
stem 0.501875 0.420000 0.023750 0.083333
stem 0.271250 0.357917 0.015000 0.055833
stem 0.364375 0.258750 0.048750 0.037500
