fruit 0.681250 0.495833 0.057500 0.058333
fruit 0.529375 0.542083 0.028750 0.022500
fruit 0.661875 0.463750 0.071250 0.054167
fruit 0.338750 0.559167 0.037500 0.020000
fruit 0.316250 0.535833 0.050000 0.040000
fruit 0.340000 0.501250 0.040000 0.030833
fruit 0.395000 0.500417 0.065000 0.044167
fruit 0.464375 0.532500 0.038750 0.015000
fruit 0.475625 0.502917 0.071250 0.035833
fruit 0.570625 0.495000 0.091250 0.036667
fruit 0.591250 0.459583 0.072500 0.049167
fruit 0.480625 0.450417 0.091250 0.030833
fruit 0.421250 0.467500 0.092500 0.035000
leaf 0.250625 0.574583 0.491250 0.264167
leaf 0.789375 0.545000 0.416250 0.343333
leaf 0.521250 0.262083 0.242500 0.469167
leaf 0.416875 0.390417 0.213750 0.297500
stem 0.435625 0.551250 0.118750 0.029167
stem 0.533125 0.671667 0.096250 0.210000
