fruit 0.421875 0.126250 0.091250 0.062500
fruit 0.226250 0.088750 0.092500 0.059167
fruit 0.110000 0.061667 0.107500 0.051667
fruit 0.425000 0.183750 0.085000 0.045833
fruit 0.425625 0.294583 0.096250 0.055833
fruit 0.793125 0.343333 0.096250 0.065000
fruit 0.691250 0.275000 0.070000 0.066667
stem 0.485625 0.122917 0.036250 0.060833
stem 0.497500 0.236250 0.092500 0.067500
stem 0.451250 0.396250 0.137500 0.040833
stem 0.465625 0.451667 0.041250 0.208333
stem 0.433125 0.519583 0.101250 0.034167
stem 0.268750 0.145000 0.027500 0.063333
leaf 0.188125 0.039167 0.076250 0.056667
leaf 0.213750 0.173333 0.085000 0.121667
leaf 0.301250 0.207083 0.167500 0.155833
leaf 0.295625 0.337917 0.161250 0.162500
leaf 0.410000 0.345417 0.100000 0.059167
leaf 0.250000 0.501667 0.165000 0.128333
leaf 0.110000 0.492500 0.127500 0.098333
leaf 0.118125 0.577083 0.151250 0.077500
leaf 0.352500 0.557500 0.107500 0.093333
leaf 0.248750 0.642083 0.195000 0.125833
leaf 0.221250 0.717083 0.222500 0.077500
leaf 0.475000 0.775000 0.157500 0.155000
leaf 0.378125 0.697917 0.088750 0.084167
leaf 0.419375 0.640417 0.158750 0.082500
leaf 0.740000 0.765833 0.095000 0.100000
leaf 0.656250 0.731250 0.100000 0.090833
leaf 0.566875 0.666250 0.141250 0.065833
leaf 0.508125 0.594583 0.108750 0.069167
leaf 0.945000 0.730000 0.110000 0.065000
leaf 0.948750 0.639583 0.100000 0.085833
leaf 0.814375 0.702917 0.136250 0.085833
leaf 0.722500 0.632083 0.210000 0.139167
leaf 0.568125 0.532083 0.121250 0.089167
leaf 0.910000 0.587917 0.140000 0.047500
leaf 0.820000 0.532083 0.172500 0.104167
leaf 0.678750 0.486250 0.110000 0.115833
leaf 0.545000 0.460417 0.155000 0.052500
leaf 0.835625 0.455833 0.203750 0.061667
leaf 0.877500 0.403333 0.117500 0.068333
leaf 0.875000 0.327917 0.080000 0.109167
leaf 0.774375 0.387500 0.088750 0.068333
leaf 0.683125 0.357500 0.103750 0.168333
leaf 0.579375 0.357083 0.106250 0.164167
leaf 0.531875 0.299583 0.096250 0.057500
leaf 0.761250 0.262500 0.090000 0.066667
leaf 0.584375 0.221667 0.156250 0.113333
leaf 0.707500 0.168333 0.122500 0.128333
leaf 0.110000 0.652917 0.052500 0.037500
