flower 0.338750 0.105417 0.055000 0.035833
flower 0.531875 0.053750 0.053750 0.045833
flower 0.481875 0.042083 0.048750 0.049167
flower 0.475000 0.303333 0.055000 0.050000
flower 0.835000 0.188333 0.040000 0.040000
flower 0.859375 0.189583 0.026250 0.044167
leaf 0.444375 0.115000 0.066250 0.063333
leaf 0.426875 0.173333 0.076250 0.051667
leaf 0.350000 0.319167 0.075000 0.051667
leaf 0.364375 0.352917 0.066250 0.042500
leaf 0.372500 0.411667 0.050000 0.045000
leaf 0.339375 0.447917 0.046250 0.054167
leaf 0.375000 0.504167 0.060000 0.045000
leaf 0.356875 0.555833 0.058750 0.051667
leaf 0.383125 0.602500 0.061250 0.053333
leaf 0.405000 0.665833 0.057500 0.051667
leaf 0.414375 0.713333 0.038750 0.058333
leaf 0.345000 0.745000 0.042500 0.033333
leaf 0.240000 0.721667 0.072500 0.050000
leaf 0.093125 0.613333 0.033750 0.041667
leaf 0.103125 0.572083 0.043750 0.045833
leaf 0.110625 0.539167 0.048750 0.035000
leaf 0.115000 0.506667 0.060000 0.036667
leaf 0.075000 0.499167 0.032500 0.045000
leaf 0.106250 0.455000 0.045000 0.043333
leaf 0.131250 0.416667 0.055000 0.048333
leaf 0.150000 0.372083 0.050000 0.022500
leaf 0.114375 0.355833 0.026250 0.055000
leaf 0.169375 0.335417 0.083750 0.047500
leaf 0.134375 0.305833 0.033750 0.048333
leaf 0.210000 0.271667 0.120000 0.073333
leaf 0.206875 0.211667 0.028750 0.045000
leaf 0.263125 0.188333 0.086250 0.091667
leaf 0.578750 0.308333 0.047500 0.030000
leaf 0.588125 0.343750 0.103750 0.047500
leaf 0.691250 0.345000 0.035000 0.043333
leaf 0.670625 0.368333 0.066250 0.033333
leaf 0.695000 0.412500 0.087500 0.058333
leaf 0.700625 0.454583 0.056250 0.029167
leaf 0.733125 0.481250 0.023750 0.037500
leaf 0.703125 0.492083 0.048750 0.020833
leaf 0.737500 0.529167 0.022500 0.035000
leaf 0.703750 0.527500 0.055000 0.041667
leaf 0.707500 0.569167 0.027500 0.015000
leaf 0.798125 0.698750 0.046250 0.050833
leaf 0.838750 0.705417 0.047500 0.047500
leaf 0.848125 0.656250 0.046250 0.040833
leaf 0.866250 0.612917 0.072500 0.054167
leaf 0.883750 0.573333 0.045000 0.040000
leaf 0.887500 0.512917 0.062500 0.075833
leaf 0.885000 0.411250 0.110000 0.070833
leaf 0.854375 0.360417 0.116250 0.055833
leaf 0.839375 0.305000 0.063750 0.053333
leaf 0.841250 0.261667 0.082500 0.046667
stem 0.836250 0.224583 0.012500 0.027500
stem 0.861875 0.220833 0.008750 0.028333
stem 0.530625 0.307083 0.053750 0.020833
stem 0.307500 0.144167 0.027500 0.033333
stem 0.482500 0.090000 0.030000 0.023333
stem 0.341875 0.399583 0.008750 0.047500
stem 0.669375 0.617083 0.093750 0.072500
stem 0.795625 0.745417 0.031250 0.034167
stem 0.153125 0.687500 0.091250 0.086667
stem 0.381250 0.774583 0.045000 0.014167
stem 0.528750 0.795833 0.212500 0.095000
leaf 0.400625 0.224583 0.088750 0.070833
leaf 0.380625 0.282500 0.093750 0.063333
leaf 0.300625 0.740417 0.048750 0.039167
