flower 0.237500 0.222917 0.035000 0.022500
flower 0.253750 0.249583 0.017500 0.010833
flower 0.283125 0.262500 0.021250 0.031667
flower 0.260000 0.283750 0.022500 0.014167
flower 0.211875 0.257083 0.021250 0.029167
flower 0.210000 0.282500 0.017500 0.011667
flower 0.205625 0.312083 0.028750 0.030833
flower 0.254375 0.342500 0.016250 0.018333
flower 0.188125 0.350417 0.021250 0.017500
flower 0.275625 0.377500 0.021250 0.011667
flower 0.220625 0.378333 0.016250 0.011667
flower 0.506250 0.216250 0.020000 0.015833
flower 0.554375 0.200833 0.038750 0.016667
flower 0.543750 0.163750 0.022500 0.029167
flower 0.504375 0.159167 0.016250 0.015000
flower 0.484375 0.128333 0.021250 0.020000
flower 0.519375 0.129167 0.021250 0.011667
flower 0.548125 0.130417 0.031250 0.020833
flower 0.544375 0.100000 0.016250 0.015000
flower 0.506250 0.093750 0.022500 0.012500
flower 0.544375 0.083750 0.026250 0.019167
flower 0.795625 0.190417 0.026250 0.030833
flower 0.741875 0.233333 0.033750 0.040000
flower 0.794375 0.235833 0.023750 0.018333
flower 0.766875 0.293333 0.016250 0.016667
flower 0.736250 0.268750 0.025000 0.014167
flower 0.726875 0.312917 0.021250 0.015833
leaf 0.546875 0.492083 0.056250 0.195833
leaf 0.438750 0.483750 0.172500 0.212500
leaf 0.656250 0.779167 0.082500 0.033333
leaf 0.677500 0.668333 0.040000 0.163333
leaf 0.251875 0.667917 0.163750 0.164167
stem 0.729375 0.525417 0.063750 0.397500
stem 0.520625 0.345417 0.036250 0.224167
stem 0.234375 0.485417 0.056250 0.187500
root 0.475625 0.645000 0.138750 0.085000
root 0.767500 0.792917 0.117500 0.089167
root 0.274375 0.797500 0.146250 0.085000
