fruit 0.203125 0.736667 0.151250 0.103333
fruit 0.195625 0.652083 0.146250 0.090833
fruit 0.181875 0.567917 0.146250 0.077500
leaf 0.339375 0.543750 0.253750 0.085833
leaf 0.757500 0.535000 0.235000 0.160000
leaf 0.426250 0.435833 0.260000 0.166667
leaf 0.673125 0.349167 0.266250 0.181667
leaf 0.193125 0.400417 0.226250 0.125833
leaf 0.298125 0.287917 0.226250 0.125833
leaf 0.489375 0.307083 0.141250 0.097500
leaf 0.728125 0.150000 0.191250 0.155000
leaf 0.607500 0.115833 0.137500 0.153333
leaf 0.325000 0.134167 0.292500 0.246667
stem 0.335625 0.741667 0.128750 0.116667
stem 0.497500 0.551250 0.072500 0.040833
stem 0.529375 0.735417 0.233750 0.302500
leaf 0.535625 0.209167 0.178750 0.143333
leaf 0.618125 0.505000 0.108750 0.130000
