leaf 0.593125 0.791667 0.078750 0.196667
leaf 0.722500 0.690417 0.227500 0.112500
leaf 0.486875 0.668333 0.136250 0.130000
leaf 0.258125 0.642083 0.208750 0.137500
leaf 0.236875 0.528333 0.178750 0.138333
leaf 0.177500 0.399583 0.187500 0.125833
leaf 0.788750 0.466250 0.152500 0.272500
leaf 0.651250 0.534583 0.120000 0.207500
leaf 0.461250 0.521250 0.260000 0.162500
leaf 0.795000 0.221250 0.315000 0.275833
leaf 0.580625 0.276667 0.091250 0.181667
fruit 0.271250 0.509167 0.030000 0.020000
fruit 0.668750 0.409583 0.025000 0.017500
leaf 0.645625 0.375833 0.163750 0.040000
leaf 0.302500 0.200000 0.425000 0.313333
leaf 0.448750 0.397917 0.352500 0.080833
stem 0.786250 0.621667 0.120000 0.015000
stem 0.527500 0.739167 0.057500 0.116667
stem 0.458125 0.751667 0.063750 0.031667
stem 0.574375 0.664167 0.043750 0.033333
stem 0.501250 0.572083 0.017500 0.229167
stem 0.403125 0.602500 0.071250 0.075000
stem 0.380625 0.656250 0.066250 0.040833
