flower 0.821250 0.203333 0.017500 0.030000
flower 0.753125 0.223750 0.016250 0.022500
flower 0.705625 0.167500 0.083750 0.078333
flower 0.653125 0.263333 0.058750 0.030000
flower 0.759375 0.329167 0.016250 0.018333
flower 0.781875 0.316667 0.018750 0.020000
flower 0.813125 0.308750 0.033750 0.024167
flower 0.368750 0.497500 0.037500 0.028333
flower 0.256875 0.402500 0.018750 0.028333
flower 0.332500 0.437083 0.025000 0.015833
flower 0.363125 0.429583 0.041250 0.047500
flower 0.351875 0.390833 0.018750 0.025000
flower 0.378750 0.378333 0.022500 0.020000
flower 0.342500 0.357500 0.017500 0.021667
flower 0.300625 0.289583 0.023750 0.030833
flower 0.272500 0.250000 0.025000 0.026667
flower 0.377500 0.317083 0.040000 0.052500
flower 0.428125 0.250833 0.023750 0.025000
flower 0.390000 0.223750 0.055000 0.037500
flower 0.350000 0.170833 0.075000 0.045000
leaf 0.780000 0.449167 0.015000 0.093333
leaf 0.795625 0.396667 0.016250 0.030000
leaf 0.759375 0.745833 0.058750 0.061667
leaf 0.757500 0.627917 0.025000 0.035833
leaf 0.780625 0.616250 0.021250 0.035833
flower 0.766250 0.570833 0.027500 0.033333
leaf 0.445000 0.737500 0.025000 0.050000
stem 0.404375 0.652917 0.071250 0.169167
stem 0.768125 0.679583 0.048750 0.067500
stem 0.746875 0.267500 0.116250 0.058333
stem 0.343125 0.243750 0.033750 0.079167
stem 0.379375 0.269167 0.016250 0.035000
stem 0.422500 0.298750 0.035000 0.055833
leaf 0.379375 0.544583 0.033750 0.045833
