flower 0.128125 0.103333 0.098750 0.063333
flower 0.536250 0.095000 0.122500 0.063333
flower 0.311875 0.166250 0.083750 0.062500
flower 0.418125 0.264167 0.098750 0.055000
flower 0.168750 0.355833 0.070000 0.050000
flower 0.752500 0.482917 0.082500 0.059167
flower 0.762500 0.130417 0.135000 0.084167
flower 0.850625 0.076250 0.113750 0.050833
stem 0.450000 0.695833 0.265000 0.163333
stem 0.886875 0.262500 0.058750 0.291667
stem 0.751875 0.297500 0.136250 0.261667
stem 0.563125 0.270000 0.036250 0.296667
stem 0.428125 0.404583 0.056250 0.234167
stem 0.318125 0.336250 0.106250 0.289167
stem 0.183125 0.230000 0.148750 0.193333
stem 0.216875 0.476667 0.153750 0.190000
stem 0.538750 0.555000 0.352500 0.096667
root 0.254375 0.705833 0.171250 0.120000
flower 0.580000 0.795833 0.032500 0.026667
stem 0.466875 0.790833 0.201250 0.093333
stem 0.250000 0.813750 0.192500 0.115833
