flower 0.491250 0.113333 0.075000 0.050000
flower 0.580625 0.222917 0.108750 0.047500
flower 0.595000 0.189167 0.122500 0.036667
flower 0.548125 0.125000 0.053750 0.053333
flower 0.597500 0.143750 0.090000 0.055833
leaf 0.420625 0.136667 0.161250 0.123333
leaf 0.293125 0.266250 0.318750 0.220833
leaf 0.311250 0.409583 0.237500 0.172500
leaf 0.376250 0.587917 0.325000 0.154167
leaf 0.610000 0.382083 0.325000 0.109167
leaf 0.591875 0.283333 0.243750 0.098333
stem 0.566250 0.667083 0.092500 0.127500
stem 0.442500 0.521667 0.035000 0.060000
stem 0.433125 0.411667 0.028750 0.101667
stem 0.442500 0.316250 0.037500 0.080833
stem 0.490625 0.225833 0.026250 0.033333
