seed 0.473125 0.137500 0.033750 0.020000
fruit 0.577500 0.201250 0.107500 0.299167
fruit 0.467500 0.234583 0.135000 0.364167
leaf 0.739375 0.163750 0.271250 0.225833
leaf 0.285625 0.276250 0.266250 0.294167
leaf 0.448125 0.718333 0.283750 0.233333
leaf 0.163125 0.617500 0.278750 0.303333
leaf 0.472500 0.517917 0.325000 0.175833
leaf 0.778750 0.718333 0.325000 0.221667
leaf 0.788125 0.478750 0.278750 0.242500
stem 0.796250 0.300833 0.250000 0.048333
stem 0.394375 0.385417 0.118750 0.085833
stem 0.170625 0.441667 0.183750 0.040000
stem 0.655625 0.385833 0.051250 0.185000
stem 0.624375 0.607500 0.023750 0.073333
leaf 0.534375 0.732917 0.048750 0.030833
