flower 0.181875 0.052917 0.048750 0.042500
leaf 0.235625 0.140417 0.046250 0.047500
leaf 0.227500 0.190000 0.070000 0.020000
leaf 0.236250 0.239167 0.095000 0.018333
leaf 0.276250 0.308750 0.110000 0.060833
leaf 0.342500 0.385833 0.070000 0.083333
leaf 0.358750 0.457500 0.092500 0.060000
leaf 0.516875 0.544167 0.113750 0.063333
leaf 0.490625 0.717083 0.046250 0.052500
leaf 0.440000 0.644167 0.067500 0.056667
stem 0.211875 0.083750 0.033750 0.060833
stem 0.294375 0.229583 0.048750 0.097500
stem 0.318125 0.292500 0.033750 0.031667
stem 0.428125 0.522500 0.061250 0.138333
stem 0.453125 0.595000 0.028750 0.050000
stem 0.482500 0.685000 0.012500 0.031667
root 0.563125 0.786250 0.133750 0.092500
leaf 0.550625 0.628333 0.156250 0.108333
fruit 0.416875 0.013333 0.066250 0.025000
leaf 0.823125 0.117500 0.086250 0.030000
leaf 0.846875 0.087083 0.058750 0.024167
leaf 0.905000 0.122083 0.045000 0.019167
flower 0.870000 0.034583 0.075000 0.055833
