flower 0.125000 0.274583 0.085000 0.047500
flower 0.353125 0.124583 0.078750 0.055833
flower 0.526250 0.098333 0.090000 0.050000
flower 0.781250 0.243333 0.132500 0.055000
flower 0.495625 0.422500 0.093750 0.051667
leaf 0.210625 0.362917 0.133750 0.130833
leaf 0.379375 0.368333 0.141250 0.111667
leaf 0.275000 0.447083 0.262500 0.057500
leaf 0.719375 0.513750 0.088750 0.099167
leaf 0.802500 0.483750 0.057500 0.110833
leaf 0.888125 0.516667 0.181250 0.058333
leaf 0.568125 0.632500 0.063750 0.061667
root 0.280625 0.555000 0.313750 0.126667
root 0.502500 0.736250 0.170000 0.145833
stem 0.770000 0.603333 0.107500 0.083333
stem 0.598125 0.284167 0.103750 0.328333
stem 0.356875 0.250417 0.048750 0.202500
stem 0.877500 0.392500 0.095000 0.231667
stem 0.515000 0.523750 0.155000 0.147500
root 0.218125 0.615833 0.181250 0.251667
stem 0.136875 0.334167 0.031250 0.065000
leaf 0.082500 0.459583 0.152500 0.092500
