leaf 0.190000 0.111250 0.092500 0.050833
leaf 0.264375 0.112500 0.058750 0.055000
leaf 0.276875 0.162917 0.078750 0.059167
leaf 0.337500 0.194167 0.055000 0.043333
leaf 0.395625 0.172083 0.061250 0.064167
leaf 0.415625 0.220833 0.101250 0.053333
leaf 0.391250 0.260417 0.027500 0.027500
leaf 0.205000 0.249167 0.045000 0.028333
leaf 0.261250 0.268333 0.040000 0.020000
leaf 0.220625 0.280417 0.056250 0.032500
leaf 0.518125 0.055000 0.046250 0.060000
leaf 0.566250 0.080000 0.070000 0.031667
leaf 0.589375 0.108750 0.076250 0.025833
leaf 0.471250 0.095417 0.092500 0.025833
leaf 0.488750 0.132083 0.070000 0.047500
leaf 0.341875 0.307917 0.041250 0.034167
leaf 0.662500 0.149583 0.067500 0.039167
leaf 0.713125 0.132500 0.056250 0.038333
leaf 0.721250 0.162500 0.057500 0.028333
leaf 0.687500 0.193750 0.042500 0.044167
leaf 0.631875 0.231667 0.071250 0.041667
leaf 0.711875 0.242083 0.046250 0.050833
leaf 0.612500 0.301250 0.077500 0.052500
leaf 0.645625 0.331250 0.058750 0.057500
leaf 0.698750 0.334167 0.050000 0.055000
leaf 0.818125 0.114167 0.053750 0.041667
leaf 0.861250 0.118333 0.035000 0.036667
leaf 0.905625 0.147917 0.081250 0.047500
leaf 0.791875 0.155417 0.066250 0.025833
leaf 0.838750 0.156250 0.035000 0.040833
leaf 0.828750 0.217083 0.045000 0.040833
leaf 0.766250 0.230000 0.075000 0.060000
leaf 0.881875 0.267500 0.073750 0.041667
leaf 0.822500 0.306667 0.037500 0.040000
leaf 0.773125 0.335000 0.056250 0.026667
leaf 0.857500 0.325417 0.045000 0.060833
leaf 0.819375 0.350417 0.043750 0.050833
leaf 0.851875 0.392083 0.046250 0.027500
leaf 0.606250 0.392917 0.065000 0.037500
leaf 0.644375 0.486250 0.048750 0.057500
leaf 0.824375 0.422917 0.066250 0.027500
leaf 0.368750 0.394167 0.042500 0.045000
leaf 0.310000 0.407083 0.077500 0.074167
leaf 0.316250 0.476250 0.062500 0.045833
stem 0.222500 0.204167 0.027500 0.065000
stem 0.189375 0.281667 0.028750 0.040000
stem 0.191875 0.351250 0.038750 0.100833
stem 0.371875 0.253333 0.021250 0.070000
stem 0.520000 0.189583 0.020000 0.052500
stem 0.510000 0.304583 0.040000 0.165833
stem 0.356250 0.344167 0.015000 0.055000
stem 0.685000 0.257500 0.017500 0.078333
stem 0.843750 0.258750 0.027500 0.069167
stem 0.684375 0.411667 0.021250 0.096667
stem 0.813125 0.392500 0.018750 0.031667
stem 0.796250 0.517083 0.040000 0.159167
stem 0.494375 0.484583 0.031250 0.180833
stem 0.375000 0.469583 0.032500 0.100833
stem 0.376875 0.568750 0.031250 0.079167
stem 0.186250 0.455000 0.030000 0.103333
stem 0.192500 0.552917 0.020000 0.090833
stem 0.701875 0.563333 0.071250 0.185000
stem 0.209375 0.642083 0.023750 0.059167
stem 0.220625 0.706667 0.016250 0.070000
stem 0.357500 0.624583 0.035000 0.034167
stem 0.340625 0.658333 0.031250 0.031667
stem 0.333125 0.701250 0.018750 0.049167
stem 0.823750 0.630417 0.067500 0.065833
stem 0.855625 0.710833 0.073750 0.105000
stem 0.736250 0.741667 0.157500 0.031667
root 0.164375 0.638333 0.056250 0.216667
root 0.296875 0.761667 0.141250 0.066667
root 0.503750 0.752083 0.272500 0.157500
root 0.547500 0.628750 0.210000 0.099167
root 0.758125 0.674583 0.098750 0.047500
root 0.731875 0.762500 0.028750 0.048333
root 0.613125 0.591667 0.056250 0.065000
leaf 0.912500 0.744583 0.040000 0.039167
