fruit 0.479375 0.228750 0.078750 0.065833
fruit 0.213125 0.573750 0.103750 0.067500
leaf 0.721250 0.101250 0.137500 0.100833
leaf 0.784375 0.186667 0.278750 0.096667
leaf 0.489375 0.172917 0.278750 0.102500
leaf 0.195625 0.258333 0.321250 0.246667
leaf 0.409375 0.291667 0.103750 0.123333
leaf 0.545625 0.330000 0.123750 0.050000
leaf 0.440625 0.387500 0.228750 0.081667
leaf 0.763125 0.382917 0.336250 0.117500
fruit 0.708750 0.396250 0.070000 0.024167
leaf 0.917500 0.542917 0.102500 0.194167
leaf 0.696875 0.504167 0.326250 0.118333
leaf 0.765625 0.636667 0.216250 0.143333
leaf 0.595625 0.636667 0.121250 0.145000
leaf 0.474375 0.643333 0.136250 0.170000
leaf 0.330000 0.652083 0.205000 0.162500
leaf 0.195000 0.512500 0.087500 0.051667
stem 0.627500 0.192917 0.050000 0.074167
stem 0.570625 0.242917 0.101250 0.067500
stem 0.486875 0.292500 0.061250 0.048333
stem 0.575000 0.377917 0.045000 0.029167
stem 0.533125 0.422083 0.126250 0.032500
stem 0.296250 0.419167 0.065000 0.076667
stem 0.218750 0.425000 0.037500 0.131667
stem 0.401875 0.493750 0.261250 0.130833
stem 0.295000 0.577917 0.050000 0.087500
stem 0.231875 0.660833 0.033750 0.061667
