flower 0.337500 0.168333 0.050000 0.026667
flower 0.775000 0.283750 0.037500 0.015833
flower 0.347500 0.199167 0.015000 0.023333
flower 0.286250 0.202917 0.027500 0.022500
flower 0.276875 0.166250 0.033750 0.035833
flower 0.306250 0.171250 0.030000 0.020833
flower 0.540625 0.566250 0.026250 0.017500
flower 0.503125 0.582917 0.046250 0.019167
leaf 0.531250 0.530417 0.272500 0.219167
leaf 0.717500 0.379583 0.062500 0.112500
leaf 0.627500 0.290000 0.252500 0.081667
leaf 0.678125 0.172500 0.243750 0.166667
leaf 0.456250 0.190833 0.222500 0.165000
leaf 0.331250 0.152917 0.075000 0.199167
leaf 0.161250 0.147500 0.277500 0.221667
leaf 0.327500 0.379583 0.090000 0.177500
leaf 0.236875 0.382500 0.096250 0.178333
stem 0.319375 0.601250 0.218750 0.059167
stem 0.774375 0.430833 0.053750 0.241667
stem 0.193750 0.490000 0.052500 0.043333
stem 0.321875 0.287500 0.026250 0.038333
