flower 0.635625 0.503333 0.031250 0.021667
flower 0.643750 0.482500 0.025000 0.018333
flower 0.643750 0.442917 0.017500 0.020833
flower 0.649375 0.420000 0.016250 0.013333
flower 0.346250 0.740000 0.032500 0.020000
flower 0.327500 0.770000 0.025000 0.036667
flower 0.344375 0.783333 0.036250 0.033333
leaf 0.224375 0.502917 0.271250 0.437500
leaf 0.445000 0.595417 0.180000 0.234167
leaf 0.475625 0.802083 0.243750 0.140833
leaf 0.774375 0.292083 0.268750 0.372500
leaf 0.457500 0.212500 0.365000 0.423333
stem 0.610625 0.575833 0.058750 0.115000
stem 0.624375 0.357917 0.031250 0.079167
leaf 0.518750 0.461667 0.155000 0.078333
stem 0.300625 0.868333 0.073750 0.110000
