flower 0.226875 0.468750 0.043750 0.022500
flower 0.208750 0.388333 0.025000 0.013333
flower 0.461875 0.749583 0.041250 0.024167
flower 0.464375 0.723750 0.041250 0.014167
flower 0.512500 0.725000 0.022500 0.015000
flower 0.656875 0.746667 0.026250 0.030000
flower 0.658750 0.721250 0.025000 0.019167
flower 0.455000 0.666250 0.020000 0.032500
flower 0.475000 0.670833 0.030000 0.025000
flower 0.485625 0.647500 0.046250 0.026667
flower 0.516250 0.647917 0.032500 0.029167
flower 0.525625 0.679167 0.026250 0.028333
flower 0.556250 0.661667 0.035000 0.040000
flower 0.585625 0.678333 0.033750 0.053333
flower 0.610000 0.678750 0.022500 0.024167
flower 0.682500 0.669167 0.045000 0.016667
flower 0.630000 0.660833 0.067500 0.028333
flower 0.563125 0.482083 0.033750 0.025833
flower 0.565000 0.463333 0.032500 0.025000
flower 0.463750 0.428333 0.052500 0.058333
flower 0.105625 0.220833 0.021250 0.025000
leaf 0.744375 0.604583 0.166250 0.114167
leaf 0.639375 0.690833 0.036250 0.026667
leaf 0.271250 0.495833 0.020000 0.021667
leaf 0.272500 0.529583 0.045000 0.012500
leaf 0.523125 0.307083 0.021250 0.022500
leaf 0.308750 0.111667 0.035000 0.063333
leaf 0.200625 0.052500 0.103750 0.031667
leaf 0.220625 0.080417 0.106250 0.027500
leaf 0.299375 0.164583 0.166250 0.072500
stem 0.130625 0.136667 0.066250 0.141667
stem 0.160625 0.255833 0.076250 0.103333
stem 0.388750 0.215000 0.030000 0.023333
stem 0.542500 0.148333 0.065000 0.010000
stem 0.515000 0.280000 0.022500 0.046667
stem 0.471250 0.301250 0.070000 0.059167
flower 0.480000 0.343333 0.035000 0.025000
stem 0.535000 0.327083 0.092500 0.019167
stem 0.528750 0.375417 0.105000 0.049167
flower 0.516875 0.425000 0.021250 0.036667
stem 0.501875 0.516667 0.031250 0.228333
stem 0.647500 0.612500 0.015000 0.071667
stem 0.671875 0.554583 0.028750 0.037500
stem 0.780000 0.549167 0.022500 0.021667
stem 0.675625 0.692917 0.031250 0.025833
stem 0.481250 0.702917 0.070000 0.029167
stem 0.561875 0.759167 0.153750 0.103333
stem 0.335000 0.445417 0.085000 0.160833
stem 0.201875 0.353333 0.041250 0.056667
stem 0.151875 0.472500 0.111250 0.150000
stem 0.216875 0.422500 0.028750 0.058333
stem 0.252500 0.485833 0.022500 0.100000
stem 0.255000 0.650000 0.115000 0.223333
leaf 0.441875 0.181250 0.131250 0.090833
leaf 0.452500 0.251667 0.152500 0.055000
leaf 0.566875 0.202917 0.131250 0.065833
leaf 0.618750 0.269583 0.155000 0.065833
leaf 0.700000 0.232917 0.125000 0.045833
