fruit 0.788750 0.301667 0.042500 0.030000
fruit 0.638125 0.185417 0.046250 0.035833
fruit 0.665625 0.161667 0.051250 0.030000
fruit 0.706875 0.155833 0.028750 0.021667
fruit 0.735000 0.159167 0.035000 0.025000
fruit 0.708750 0.072083 0.112500 0.029167
fruit 0.720625 0.129167 0.038750 0.021667
fruit 0.830000 0.142500 0.035000 0.021667
fruit 0.780625 0.120000 0.096250 0.033333
fruit 0.820625 0.366667 0.033750 0.020000
fruit 0.810000 0.303750 0.090000 0.024167
fruit 0.847500 0.332917 0.057500 0.035833
fruit 0.798125 0.270417 0.066250 0.035833
fruit 0.847500 0.244583 0.077500 0.047500
fruit 0.847500 0.199167 0.062500 0.035000
fruit 0.823750 0.170000 0.067500 0.043333
fruit 0.762500 0.151667 0.037500 0.023333
fruit 0.110625 0.415833 0.051250 0.025000
fruit 0.185000 0.415000 0.072500 0.026667
fruit 0.136875 0.398750 0.051250 0.029167
leaf 0.185000 0.205417 0.032500 0.030833
leaf 0.250000 0.154583 0.040000 0.037500
leaf 0.356875 0.290000 0.168750 0.131667
leaf 0.565625 0.102083 0.118750 0.102500
leaf 0.718750 0.220833 0.077500 0.025000
leaf 0.770000 0.183333 0.062500 0.076667
leaf 0.656250 0.352083 0.132500 0.127500
leaf 0.809375 0.484167 0.138750 0.143333
leaf 0.610000 0.467917 0.185000 0.112500
leaf 0.605000 0.595833 0.095000 0.040000
leaf 0.493125 0.665833 0.238750 0.116667
leaf 0.226875 0.647500 0.298750 0.091667
leaf 0.295000 0.774167 0.242500 0.138333
leaf 0.618125 0.752083 0.068750 0.049167
stem 0.710625 0.682083 0.178750 0.127500
stem 0.228125 0.535833 0.118750 0.128333
stem 0.575000 0.833333 0.320000 0.123333
stem 0.396250 0.154583 0.252500 0.115833
stem 0.505000 0.187083 0.210000 0.062500
stem 0.527500 0.212500 0.175000 0.108333
stem 0.654375 0.258333 0.181250 0.051667
stem 0.480000 0.297917 0.075000 0.407500
fruit 0.765625 0.085833 0.041250 0.030000
fruit 0.200625 0.255000 0.053750 0.026667
stem 0.518750 0.542083 0.057500 0.049167
