flower 0.724375 0.314583 0.058750 0.032500
flower 0.642500 0.292500 0.110000 0.061667
flower 0.558750 0.244583 0.085000 0.060833
flower 0.655000 0.211667 0.107500 0.076667
flower 0.724375 0.110000 0.138750 0.058333
flower 0.895000 0.191250 0.060000 0.049167
leaf 0.450625 0.618750 0.173750 0.174167
leaf 0.735000 0.740000 0.165000 0.098333
leaf 0.596875 0.757917 0.053750 0.162500
leaf 0.578750 0.645417 0.087500 0.162500
leaf 0.268750 0.317917 0.305000 0.180833
leaf 0.525000 0.416667 0.185000 0.230000
leaf 0.723750 0.576250 0.087500 0.114167
leaf 0.791250 0.515833 0.110000 0.075000
leaf 0.646875 0.431667 0.106250 0.063333
leaf 0.775625 0.421250 0.113750 0.065833
leaf 0.854375 0.334167 0.123750 0.065000
leaf 0.771250 0.345833 0.035000 0.028333
leaf 0.785625 0.195000 0.068750 0.036667
leaf 0.467500 0.214583 0.130000 0.115833
leaf 0.400625 0.122083 0.318750 0.140833
stem 0.281250 0.279167 0.037500 0.161667
stem 0.213750 0.655833 0.380000 0.388333
stem 0.818750 0.645833 0.067500 0.171667
stem 0.869375 0.446250 0.053750 0.150833
stem 0.853125 0.263750 0.043750 0.089167
leaf 0.715625 0.850000 0.173750 0.118333
flower 0.948750 0.224583 0.060000 0.049167
