flower 0.591250 0.668750 0.032500 0.019167
flower 0.556250 0.684167 0.067500 0.035000
flower 0.558125 0.458333 0.021250 0.020000
flower 0.691250 0.320000 0.050000 0.033333
leaf 0.729375 0.310417 0.026250 0.032500
leaf 0.694375 0.290417 0.056250 0.014167
leaf 0.776875 0.202917 0.243750 0.207500
leaf 0.432500 0.276667 0.410000 0.340000
leaf 0.793125 0.480417 0.411250 0.309167
leaf 0.431875 0.590417 0.296250 0.184167
stem 0.570625 0.422917 0.038750 0.050833
stem 0.598750 0.545417 0.042500 0.205833
stem 0.551875 0.767917 0.193750 0.142500
