flower 0.239375 0.267917 0.076250 0.067500
flower 0.252500 0.215417 0.067500 0.075833
flower 0.361250 0.152083 0.117500 0.057500
flower 0.479375 0.188333 0.048750 0.063333
flower 0.431875 0.180417 0.083750 0.035833
flower 0.446875 0.146250 0.046250 0.045833
flower 0.775000 0.222917 0.070000 0.030833
flower 0.777500 0.189167 0.092500 0.050000
flower 0.715000 0.188333 0.062500 0.060000
flower 0.852500 0.381667 0.055000 0.050000
flower 0.793750 0.370833 0.085000 0.035000
flower 0.664375 0.308333 0.063750 0.036667
flower 0.672500 0.349167 0.072500 0.058333
flower 0.733125 0.341667 0.073750 0.031667
flower 0.706250 0.304583 0.062500 0.032500
flower 0.738125 0.321667 0.068750 0.045000
flower 0.808125 0.306250 0.116250 0.079167
flower 0.719375 0.248750 0.073750 0.049167
flower 0.680000 0.268333 0.055000 0.033333
leaf 0.256250 0.357500 0.072500 0.091667
leaf 0.165000 0.462917 0.112500 0.092500
leaf 0.417500 0.439583 0.182500 0.055833
leaf 0.480000 0.561667 0.260000 0.090000
leaf 0.190625 0.559167 0.228750 0.116667
leaf 0.382500 0.794167 0.117500 0.035000
leaf 0.491250 0.770417 0.090000 0.084167
stem 0.449375 0.770833 0.033750 0.058333
stem 0.285625 0.626250 0.098750 0.130833
stem 0.319375 0.505417 0.031250 0.125833
stem 0.259375 0.427500 0.076250 0.055000
stem 0.740000 0.651250 0.235000 0.234167
stem 0.705625 0.457500 0.201250 0.133333
stem 0.827500 0.420000 0.052500 0.036667
stem 0.402500 0.305833 0.212500 0.111667
stem 0.474375 0.090000 0.076250 0.073333
stem 0.595000 0.170417 0.192500 0.042500
stem 0.490000 0.139167 0.037500 0.033333
stem 0.571875 0.351250 0.108750 0.314167
stem 0.488750 0.674167 0.252500 0.101667
leaf 0.428125 0.844583 0.048750 0.025833
leaf 0.434375 0.820833 0.026250 0.015000
stem 0.486875 0.866250 0.051250 0.104167
