flower 0.841875 0.142917 0.046250 0.037500
flower 0.827500 0.099167 0.040000 0.028333
flower 0.781250 0.107500 0.057500 0.041667
leaf 0.325000 0.311667 0.137500 0.138333
leaf 0.245625 0.426250 0.223750 0.209167
leaf 0.508125 0.392500 0.203750 0.085000
leaf 0.486875 0.455417 0.146250 0.085833
leaf 0.739375 0.655833 0.223750 0.105000
leaf 0.623750 0.512917 0.230000 0.172500
leaf 0.401250 0.447083 0.057500 0.049167
stem 0.383125 0.516667 0.056250 0.100000
stem 0.545000 0.710000 0.130000 0.153333
leaf 0.582500 0.600000 0.127500 0.063333
