leaf 0.845000 0.215417 0.072500 0.079167
leaf 0.710625 0.170417 0.148750 0.107500
leaf 0.720625 0.252500 0.088750 0.063333
leaf 0.612500 0.247500 0.110000 0.071667
leaf 0.217500 0.680417 0.065000 0.035833
leaf 0.538125 0.785000 0.133750 0.100000
leaf 0.704375 0.779167 0.171250 0.091667
leaf 0.756875 0.671667 0.113750 0.043333
leaf 0.653125 0.695833 0.128750 0.085000
leaf 0.538750 0.690000 0.087500 0.080000
leaf 0.458125 0.661250 0.123750 0.032500
leaf 0.594375 0.611667 0.118750 0.083333
leaf 0.655000 0.549167 0.110000 0.081667
leaf 0.671250 0.444583 0.072500 0.054167
leaf 0.739375 0.439167 0.051250 0.048333
leaf 0.789375 0.388333 0.126250 0.065000
leaf 0.652500 0.380000 0.132500 0.066667
leaf 0.504375 0.355417 0.096250 0.054167
leaf 0.498125 0.318333 0.091250 0.055000
leaf 0.580625 0.317917 0.096250 0.092500
leaf 0.693750 0.313333 0.137500 0.088333
fruit 0.323750 0.120833 0.552500 0.183333
fruit 0.297500 0.267083 0.505000 0.147500
fruit 0.723125 0.331667 0.076250 0.080000
stem 0.785625 0.320833 0.046250 0.045000
stem 0.470000 0.478750 0.237500 0.190833
leaf 0.779375 0.843333 0.071250 0.056667
leaf 0.790000 0.243333 0.045000 0.096667
