flower 0.127500 0.167917 0.040000 0.029167
flower 0.167500 0.148333 0.032500 0.033333
flower 0.136875 0.134583 0.058750 0.035833
flower 0.456875 0.338333 0.038750 0.023333
flower 0.450000 0.312500 0.035000 0.028333
flower 0.506875 0.320000 0.048750 0.023333
flower 0.529375 0.297500 0.053750 0.021667
flower 0.484375 0.277917 0.026250 0.029167
flower 0.516875 0.278750 0.046250 0.024167
flower 0.752500 0.529167 0.037500 0.025000
flower 0.731250 0.457500 0.032500 0.021667
flower 0.748125 0.449583 0.021250 0.010833
flower 0.806875 0.457083 0.046250 0.032500
flower 0.765000 0.431667 0.050000 0.033333
leaf 0.168125 0.233333 0.046250 0.033333
leaf 0.175000 0.322083 0.025000 0.062500
leaf 0.181875 0.273750 0.016250 0.012500
leaf 0.215625 0.359167 0.091250 0.011667
leaf 0.150625 0.490000 0.028750 0.016667
leaf 0.169375 0.437500 0.011250 0.031667
leaf 0.148125 0.428333 0.026250 0.023333
leaf 0.481875 0.447917 0.056250 0.047500
leaf 0.536875 0.563333 0.078750 0.040000
leaf 0.476250 0.662500 0.052500 0.028333
leaf 0.486250 0.616667 0.020000 0.070000
leaf 0.790625 0.551250 0.033750 0.029167
leaf 0.751250 0.555833 0.027500 0.025000
leaf 0.761875 0.656667 0.018750 0.056667
leaf 0.784375 0.713333 0.028750 0.026667
leaf 0.756250 0.708750 0.017500 0.034167
stem 0.145625 0.200000 0.016250 0.035000
stem 0.158750 0.260000 0.022500 0.036667
stem 0.165000 0.390417 0.012500 0.055833
stem 0.161875 0.465833 0.016250 0.025000
stem 0.478750 0.379167 0.022500 0.085000
stem 0.483125 0.444583 0.013750 0.029167
stem 0.489375 0.527083 0.016250 0.109167
stem 0.501875 0.635000 0.016250 0.073333
stem 0.503125 0.698750 0.016250 0.032500
stem 0.766875 0.494167 0.036250 0.043333
stem 0.770000 0.584167 0.007500 0.075000
stem 0.769375 0.665000 0.008750 0.053333
stem 0.777500 0.745000 0.022500 0.033333
root 0.748125 0.803333 0.071250 0.038333
root 0.128750 0.527917 0.077500 0.052500
root 0.445000 0.757500 0.122500 0.048333
