flower 0.508750 0.112500 0.045000 0.051667
flower 0.350000 0.139583 0.055000 0.037500
flower 0.258125 0.075417 0.053750 0.025833
flower 0.529375 0.211667 0.051250 0.040000
flower 0.513750 0.294167 0.015000 0.015000
flower 0.761875 0.075833 0.048750 0.050000
flower 0.809375 0.074167 0.056250 0.068333
flower 0.719375 0.110000 0.033750 0.020000
flower 0.201250 0.542917 0.040000 0.037500
flower 0.276250 0.547917 0.030000 0.030833
flower 0.254375 0.486250 0.051250 0.027500
flower 0.296875 0.453750 0.061250 0.045833
flower 0.251250 0.429167 0.055000 0.045000
flower 0.405000 0.647500 0.025000 0.018333
flower 0.429375 0.622083 0.033750 0.022500
flower 0.728125 0.674583 0.036250 0.019167
flower 0.760000 0.668750 0.027500 0.019167
flower 0.778750 0.652083 0.022500 0.020833
flower 0.741250 0.611667 0.070000 0.051667
leaf 0.479375 0.129583 0.033750 0.062500
leaf 0.443125 0.125000 0.051250 0.060000
leaf 0.408750 0.095417 0.040000 0.014167
leaf 0.400625 0.140000 0.041250 0.056667
leaf 0.383750 0.180000 0.032500 0.023333
leaf 0.351875 0.169583 0.036250 0.010833
leaf 0.330000 0.169583 0.020000 0.022500
leaf 0.303750 0.146250 0.050000 0.037500
leaf 0.331875 0.106667 0.073750 0.040000
leaf 0.285000 0.082083 0.060000 0.037500
leaf 0.208125 0.065417 0.068750 0.064167
leaf 0.264375 0.119583 0.081250 0.027500
leaf 0.230625 0.167083 0.053750 0.037500
leaf 0.183750 0.155000 0.072500 0.046667
leaf 0.291250 0.214167 0.072500 0.041667
leaf 0.285625 0.257500 0.068750 0.028333
leaf 0.206875 0.232083 0.028750 0.029167
leaf 0.212500 0.212500 0.027500 0.011667
leaf 0.178125 0.219167 0.041250 0.025000
leaf 0.839375 0.152500 0.171250 0.126667
leaf 0.667500 0.150000 0.187500 0.151667
leaf 0.751875 0.290417 0.048750 0.055833
leaf 0.785625 0.284167 0.028750 0.038333
leaf 0.573125 0.205417 0.046250 0.037500
leaf 0.487500 0.211250 0.040000 0.040833
leaf 0.554375 0.258750 0.031250 0.027500
flower 0.550625 0.240000 0.023750 0.013333
leaf 0.496250 0.249167 0.087500 0.035000
leaf 0.506875 0.279167 0.063750 0.038333
leaf 0.623125 0.308333 0.173750 0.070000
leaf 0.594375 0.385833 0.101250 0.071667
leaf 0.515000 0.374167 0.045000 0.020000
leaf 0.497500 0.325000 0.052500 0.063333
leaf 0.317500 0.533750 0.077500 0.079167
leaf 0.215625 0.452500 0.081250 0.041667
leaf 0.244375 0.520417 0.036250 0.035833
leaf 0.203750 0.517500 0.065000 0.068333
leaf 0.220000 0.600000 0.052500 0.093333
leaf 0.255625 0.662083 0.033750 0.044167
leaf 0.183750 0.660417 0.092500 0.017500
leaf 0.186250 0.709167 0.122500 0.068333
leaf 0.406250 0.620833 0.015000 0.023333
leaf 0.429375 0.601250 0.061250 0.015833
leaf 0.460000 0.641250 0.060000 0.019167
leaf 0.475625 0.666667 0.076250 0.030000
leaf 0.511875 0.735000 0.131250 0.115000
leaf 0.363125 0.626667 0.058750 0.071667
leaf 0.384375 0.673750 0.096250 0.049167
leaf 0.767500 0.708333 0.030000 0.033333
leaf 0.814375 0.684167 0.081250 0.045000
leaf 0.738750 0.690000 0.040000 0.010000
leaf 0.798750 0.632500 0.042500 0.018333
leaf 0.701875 0.662500 0.098750 0.050000
leaf 0.695000 0.626667 0.042500 0.020000
stem 0.340625 0.198750 0.011250 0.035833
stem 0.362500 0.422917 0.037500 0.047500
stem 0.281875 0.332500 0.148750 0.138333
stem 0.776250 0.238333 0.027500 0.050000
stem 0.794375 0.397083 0.071250 0.132500
stem 0.538125 0.501250 0.041250 0.235833
stem 0.259375 0.605417 0.016250 0.067500
stem 0.259375 0.761667 0.023750 0.131667
stem 0.743750 0.729583 0.015000 0.035833
stem 0.461250 0.795000 0.012500 0.041667
leaf 0.193125 0.115000 0.088750 0.038333
