fruit 0.238125 0.100000 0.046250 0.031667
fruit 0.255000 0.187500 0.047500 0.028333
fruit 0.211250 0.166250 0.067500 0.025833
fruit 0.180000 0.130417 0.030000 0.027500
fruit 0.465000 0.374583 0.037500 0.025833
leaf 0.870625 0.189583 0.211250 0.137500
leaf 0.705000 0.151250 0.172500 0.200833
leaf 0.600625 0.342917 0.266250 0.334167
leaf 0.367500 0.513333 0.337500 0.231667
leaf 0.758125 0.681667 0.438750 0.188333
leaf 0.274375 0.691250 0.366250 0.180833
stem 0.485000 0.674583 0.057500 0.339167
stem 0.751875 0.342917 0.056250 0.109167
stem 0.690625 0.462083 0.068750 0.122500
stem 0.603125 0.592500 0.113750 0.170000
stem 0.401875 0.301667 0.096250 0.210000
