flower 0.370625 0.459167 0.028750 0.020000
flower 0.271250 0.467917 0.032500 0.017500
flower 0.230000 0.461667 0.035000 0.016667
flower 0.286250 0.433750 0.040000 0.040833
flower 0.260625 0.230000 0.026250 0.021667
flower 0.342500 0.210000 0.035000 0.026667
flower 0.344375 0.187500 0.038750 0.021667
flower 0.371250 0.162500 0.052500 0.028333
flower 0.430000 0.170000 0.032500 0.023333
flower 0.405625 0.145000 0.038750 0.026667
flower 0.683750 0.129167 0.030000 0.021667
flower 0.715625 0.140000 0.028750 0.021667
leaf 0.785625 0.080000 0.081250 0.058333
leaf 0.804375 0.137500 0.096250 0.088333
leaf 0.688125 0.160833 0.133750 0.081667
leaf 0.703750 0.219167 0.095000 0.060000
leaf 0.576875 0.147917 0.126250 0.104167
leaf 0.560000 0.225000 0.205000 0.093333
leaf 0.472500 0.150833 0.132500 0.123333
leaf 0.378125 0.117917 0.056250 0.059167
leaf 0.272500 0.145000 0.107500 0.043333
leaf 0.331875 0.201667 0.191250 0.080000
leaf 0.147500 0.214167 0.202500 0.146667
leaf 0.191875 0.315417 0.111250 0.074167
leaf 0.350000 0.295000 0.225000 0.126667
leaf 0.384375 0.368750 0.211250 0.084167
leaf 0.441250 0.462500 0.150000 0.061667
leaf 0.330625 0.444583 0.056250 0.052500
leaf 0.250625 0.439583 0.058750 0.045833
leaf 0.196875 0.509583 0.238750 0.084167
leaf 0.506250 0.570000 0.187500 0.106667
leaf 0.256875 0.586250 0.176250 0.084167
stem 0.726250 0.478333 0.277500 0.455000
stem 0.446875 0.417917 0.093750 0.029167
stem 0.329375 0.514167 0.051250 0.085000
stem 0.376875 0.581250 0.058750 0.059167
stem 0.578125 0.756250 0.228750 0.137500
stem 0.553750 0.451667 0.077500 0.031667
stem 0.541250 0.335000 0.097500 0.108333
stem 0.835625 0.218333 0.043750 0.056667
