flower 0.175000 0.553750 0.065000 0.059167
flower 0.240625 0.526667 0.038750 0.025000
flower 0.227500 0.467083 0.085000 0.054167
flower 0.820000 0.424167 0.070000 0.046667
fruit 0.792500 0.281250 0.052500 0.020833
leaf 0.532500 0.132083 0.542500 0.162500
leaf 0.519375 0.278333 0.588750 0.136667
leaf 0.583750 0.387917 0.537500 0.115833
leaf 0.603750 0.650417 0.515000 0.409167
stem 0.810000 0.752917 0.032500 0.047500
stem 0.858125 0.611250 0.036250 0.097500
stem 0.873125 0.460417 0.023750 0.125833
stem 0.844375 0.325000 0.031250 0.076667
stem 0.790625 0.209167 0.033750 0.058333
stem 0.750000 0.122917 0.017500 0.029167
