fruit 0.256875 0.068333 0.111250 0.035000
fruit 0.460625 0.172917 0.043750 0.019167
fruit 0.603125 0.151667 0.053750 0.030000
fruit 0.655000 0.219167 0.037500 0.021667
fruit 0.806875 0.217500 0.061250 0.046667
fruit 0.674375 0.277917 0.073750 0.047500
fruit 0.849375 0.301667 0.053750 0.050000
fruit 0.868750 0.148750 0.042500 0.027500
fruit 0.768125 0.165417 0.038750 0.017500
fruit 0.607500 0.538333 0.077500 0.040000
leaf 0.301875 0.194167 0.281250 0.205000
leaf 0.637500 0.115833 0.077500 0.048333
leaf 0.823750 0.124167 0.067500 0.075000
leaf 0.545625 0.225000 0.163750 0.073333
leaf 0.751250 0.271667 0.057500 0.058333
leaf 0.926250 0.266250 0.100000 0.105833
leaf 0.516875 0.303333 0.086250 0.046667
leaf 0.438750 0.377083 0.272500 0.142500
leaf 0.501250 0.575833 0.232500 0.148333
stem 0.365625 0.744167 0.228750 0.181667
stem 0.331250 0.553333 0.180000 0.201667
stem 0.263750 0.374583 0.057500 0.152500
leaf 0.385625 0.714583 0.061250 0.045833
leaf 0.317500 0.762500 0.047500 0.041667
leaf 0.873125 0.185000 0.051250 0.031667
flower 0.896250 0.079167 0.072500 0.041667
stem 0.506250 0.478750 0.115000 0.050833
flower 0.688750 0.198333 0.022500 0.023333
stem 0.748125 0.100000 0.058750 0.050000
