flower 0.795000 0.479167 0.077500 0.031667
flower 0.830625 0.070833 0.046250 0.033333
leaf 0.166250 0.166250 0.180000 0.094167
leaf 0.348750 0.151667 0.115000 0.130000
leaf 0.798750 0.077083 0.105000 0.052500
leaf 0.898125 0.100417 0.113750 0.062500
leaf 0.818750 0.169583 0.100000 0.064167
leaf 0.192500 0.293333 0.137500 0.096667
leaf 0.362500 0.323750 0.157500 0.092500
leaf 0.575000 0.290000 0.130000 0.066667
leaf 0.830625 0.307500 0.101250 0.071667
leaf 0.174375 0.411250 0.156250 0.079167
leaf 0.262500 0.515833 0.117500 0.115000
leaf 0.536875 0.432917 0.111250 0.069167
leaf 0.698750 0.505000 0.105000 0.083333
leaf 0.706875 0.596250 0.146250 0.079167
leaf 0.463125 0.652500 0.146250 0.088333
leaf 0.369375 0.757083 0.086250 0.069167
stem 0.844375 0.610000 0.086250 0.226667
stem 0.763125 0.721250 0.183750 0.155833
stem 0.199375 0.636250 0.211250 0.130833
stem 0.366250 0.502917 0.087500 0.269167
stem 0.358125 0.664583 0.081250 0.105833
stem 0.570000 0.505833 0.040000 0.128333
stem 0.560000 0.361667 0.025000 0.070000
stem 0.805000 0.401250 0.045000 0.114167
stem 0.836875 0.237500 0.026250 0.061667
stem 0.395625 0.245833 0.026250 0.063333
leaf 0.117500 0.489167 0.142500 0.086667
