fruit 0.618750 0.160000 0.052500 0.038333
fruit 0.601250 0.201667 0.052500 0.035000
fruit 0.363750 0.574167 0.047500 0.025000
leaf 0.214375 0.736667 0.193750 0.116667
leaf 0.534375 0.740417 0.163750 0.140833
leaf 0.602500 0.630417 0.155000 0.097500
leaf 0.792500 0.630000 0.212500 0.171667
leaf 0.860000 0.457083 0.165000 0.102500
leaf 0.756250 0.356667 0.105000 0.120000
leaf 0.621875 0.471250 0.211250 0.122500
leaf 0.620625 0.549583 0.128750 0.082500
leaf 0.371250 0.410000 0.120000 0.096667
leaf 0.474375 0.513333 0.156250 0.170000
leaf 0.230625 0.579167 0.086250 0.071667
leaf 0.279375 0.630833 0.118750 0.105000
leaf 0.290000 0.470833 0.097500 0.031667
leaf 0.255000 0.287083 0.170000 0.157500
leaf 0.450625 0.324583 0.078750 0.084167
leaf 0.513750 0.280417 0.112500 0.054167
leaf 0.624375 0.261250 0.176250 0.120833
leaf 0.471875 0.228750 0.063750 0.030833
leaf 0.500625 0.142917 0.166250 0.139167
leaf 0.371250 0.115417 0.087500 0.105833
stem 0.380000 0.253750 0.055000 0.160833
stem 0.341250 0.349167 0.120000 0.025000
stem 0.756875 0.491250 0.038750 0.087500
stem 0.718750 0.573750 0.065000 0.070833
stem 0.624375 0.690417 0.066250 0.055833
stem 0.413125 0.717083 0.101250 0.230833
stem 0.316250 0.695000 0.067500 0.023333
stem 0.218750 0.665417 0.087500 0.022500
stem 0.373750 0.511250 0.040000 0.092500
stem 0.399375 0.585000 0.031250 0.063333
