flower 0.360625 0.081667 0.066250 0.040000
flower 0.333750 0.072917 0.042500 0.039167
flower 0.607500 0.110000 0.065000 0.051667
flower 0.503750 0.069583 0.057500 0.037500
flower 0.571250 0.080833 0.077500 0.060000
flower 0.858750 0.321667 0.055000 0.040000
flower 0.901875 0.361250 0.041250 0.027500
leaf 0.288750 0.362083 0.097500 0.044167
leaf 0.458125 0.335833 0.083750 0.058333
leaf 0.383750 0.307917 0.102500 0.050833
leaf 0.271250 0.293750 0.097500 0.087500
leaf 0.189375 0.299167 0.076250 0.111667
leaf 0.134375 0.232500 0.088750 0.058333
flower 0.187500 0.159167 0.082500 0.033333
leaf 0.251250 0.212083 0.107500 0.077500
leaf 0.385000 0.240417 0.145000 0.075833
leaf 0.227500 0.107500 0.157500 0.131667
leaf 0.385000 0.175833 0.175000 0.056667
leaf 0.590625 0.159583 0.208750 0.077500
leaf 0.566250 0.217917 0.197500 0.042500
leaf 0.725000 0.404583 0.087500 0.062500
leaf 0.585625 0.372500 0.048750 0.041667
leaf 0.711250 0.297083 0.142500 0.120833
leaf 0.830000 0.294167 0.112500 0.078333
leaf 0.856250 0.362083 0.182500 0.062500
stem 0.621875 0.680833 0.498750 0.175000
stem 0.476875 0.488333 0.193750 0.208333
stem 0.291250 0.494583 0.152500 0.214167
leaf 0.582500 0.297917 0.120000 0.115833
leaf 0.446875 0.102083 0.076250 0.087500
leaf 0.356875 0.124583 0.118750 0.039167
