flower 0.157500 0.176250 0.030000 0.015833
flower 0.258750 0.177083 0.035000 0.050833
flower 0.233750 0.082917 0.027500 0.012500
flower 0.361875 0.192917 0.038750 0.047500
flower 0.393750 0.186667 0.025000 0.023333
flower 0.499375 0.198750 0.026250 0.020833
flower 0.177500 0.330833 0.017500 0.016667
flower 0.153750 0.339583 0.022500 0.014167
flower 0.096875 0.411667 0.068750 0.031667
flower 0.104375 0.382500 0.023750 0.018333
flower 0.181250 0.390833 0.025000 0.030000
flower 0.216250 0.414167 0.037500 0.023333
flower 0.280625 0.383750 0.021250 0.035833
flower 0.350625 0.418750 0.073750 0.040833
flower 0.386875 0.437083 0.028750 0.042500
flower 0.418125 0.432500 0.041250 0.021667
flower 0.406250 0.417500 0.022500 0.008333
flower 0.415000 0.397083 0.020000 0.009167
flower 0.395000 0.765833 0.015000 0.018333
flower 0.488125 0.650833 0.033750 0.013333
flower 0.915000 0.684583 0.020000 0.022500
flower 0.731875 0.645833 0.036250 0.016667
flower 0.753125 0.578750 0.036250 0.029167
flower 0.803750 0.627083 0.030000 0.020833
flower 0.872500 0.666667 0.055000 0.040000
flower 0.883125 0.633333 0.021250 0.016667
flower 0.853125 0.625417 0.048750 0.022500
flower 0.849375 0.594583 0.061250 0.042500
flower 0.912500 0.606250 0.077500 0.039167
flower 0.851250 0.505833 0.020000 0.011667
flower 0.805000 0.414167 0.035000 0.025000
flower 0.806250 0.371250 0.030000 0.015833
flower 0.706875 0.387500 0.048750 0.023333
flower 0.479375 0.415417 0.026250 0.024167
flower 0.497500 0.388333 0.050000 0.033333
flower 0.655000 0.333333 0.035000 0.020000
leaf 0.292500 0.101250 0.072500 0.082500
leaf 0.185000 0.115417 0.137500 0.075833
leaf 0.474375 0.206250 0.063750 0.067500
leaf 0.410625 0.187500 0.051250 0.071667
leaf 0.398125 0.242917 0.061250 0.075833
leaf 0.321250 0.176250 0.067500 0.074167
leaf 0.218125 0.362917 0.101250 0.070833
leaf 0.145625 0.389583 0.068750 0.079167
leaf 0.225625 0.469167 0.121250 0.078333
leaf 0.102500 0.509583 0.102500 0.042500
leaf 0.090625 0.458750 0.123750 0.065833
leaf 0.441250 0.797500 0.107500 0.051667
leaf 0.572500 0.797917 0.057500 0.072500
leaf 0.416875 0.706250 0.138750 0.132500
leaf 0.521875 0.728333 0.096250 0.130000
leaf 0.614375 0.708750 0.111250 0.084167
leaf 0.816250 0.478333 0.057500 0.040000
leaf 0.928125 0.499167 0.093750 0.066667
leaf 0.893750 0.439167 0.062500 0.055000
leaf 0.505000 0.354167 0.092500 0.065000
leaf 0.570000 0.369167 0.067500 0.055000
leaf 0.648750 0.366250 0.067500 0.035833
leaf 0.690000 0.342083 0.052500 0.042500
leaf 0.920625 0.280000 0.101250 0.086667
leaf 0.816250 0.298333 0.105000 0.055000
flower 0.657500 0.265000 0.047500 0.026667
leaf 0.733750 0.302917 0.052500 0.062500
leaf 0.661250 0.239583 0.120000 0.099167
leaf 0.765625 0.225417 0.083750 0.099167
stem 0.413750 0.326250 0.125000 0.124167
stem 0.295625 0.431667 0.036250 0.060000
stem 0.473125 0.553333 0.353750 0.203333
stem 0.688125 0.422917 0.191250 0.059167
stem 0.831875 0.357917 0.171250 0.065833
stem 0.720625 0.565417 0.056250 0.215833
stem 0.685625 0.693333 0.041250 0.066667
stem 0.796875 0.682917 0.093750 0.072500
stem 0.706875 0.766250 0.106250 0.089167
leaf 0.275000 0.322500 0.137500 0.068333
leaf 0.306250 0.266250 0.087500 0.094167
leaf 0.146250 0.240417 0.247500 0.165833
leaf 0.072500 0.390000 0.102500 0.083333
flower 0.057500 0.478333 0.030000 0.030000
stem 0.541250 0.862917 0.067500 0.060833
flower 0.951875 0.488333 0.028750 0.016667
flower 0.961875 0.417500 0.043750 0.021667
