flower 0.562500 0.554583 0.052500 0.024167
flower 0.498750 0.569583 0.062500 0.024167
flower 0.538125 0.440417 0.046250 0.027500
flower 0.323125 0.320000 0.078750 0.046667
flower 0.379375 0.272917 0.076250 0.030833
flower 0.423125 0.190417 0.063750 0.047500
flower 0.373750 0.163750 0.067500 0.050833
leaf 0.359375 0.127917 0.048750 0.042500
leaf 0.220000 0.130833 0.232500 0.115000
leaf 0.610000 0.155417 0.310000 0.209167
leaf 0.637500 0.372500 0.450000 0.261667
leaf 0.208750 0.534167 0.337500 0.160000
leaf 0.209375 0.728750 0.363750 0.190833
leaf 0.760625 0.687917 0.466250 0.272500
leaf 0.438125 0.239583 0.041250 0.029167
stem 0.439375 0.636250 0.081250 0.435833
