flower 0.321250 0.109167 0.057500 0.041667
flower 0.270625 0.103750 0.068750 0.030833
flower 0.203125 0.074583 0.041250 0.040833
flower 0.243125 0.082083 0.061250 0.029167
flower 0.115625 0.241667 0.071250 0.036667
flower 0.079375 0.212917 0.068750 0.047500
flower 0.106250 0.165000 0.060000 0.036667
flower 0.048125 0.126667 0.091250 0.060000
leaf 0.653750 0.048750 0.167500 0.095833
leaf 0.664375 0.117083 0.048750 0.037500
leaf 0.736875 0.140417 0.058750 0.097500
leaf 0.766875 0.225417 0.053750 0.054167
leaf 0.713750 0.188750 0.120000 0.034167
leaf 0.621875 0.212917 0.086250 0.097500
leaf 0.553750 0.197083 0.127500 0.037500
leaf 0.545625 0.263333 0.081250 0.090000
leaf 0.464375 0.267500 0.096250 0.110000
leaf 0.876250 0.367083 0.082500 0.070833
leaf 0.881875 0.436667 0.078750 0.060000
leaf 0.705625 0.364583 0.033750 0.072500
leaf 0.686250 0.431250 0.135000 0.062500
leaf 0.623125 0.380417 0.133750 0.039167
leaf 0.362500 0.286667 0.147500 0.048333
leaf 0.411875 0.347083 0.241250 0.079167
leaf 0.273125 0.449167 0.066250 0.098333
leaf 0.590000 0.528333 0.070000 0.086667
leaf 0.503125 0.526250 0.106250 0.069167
leaf 0.706250 0.495833 0.080000 0.055000
leaf 0.708750 0.534583 0.085000 0.025833
leaf 0.761250 0.553333 0.045000 0.025000
leaf 0.675000 0.570833 0.075000 0.045000
leaf 0.613750 0.612917 0.082500 0.022500
leaf 0.735000 0.575833 0.040000 0.051667
leaf 0.863125 0.680417 0.086250 0.057500
leaf 0.774375 0.759167 0.058750 0.070000
leaf 0.596875 0.787083 0.071250 0.020833
leaf 0.648750 0.662083 0.092500 0.040833
leaf 0.623125 0.717917 0.021250 0.032500
leaf 0.654375 0.703750 0.126250 0.044167
leaf 0.480625 0.719167 0.171250 0.075000
leaf 0.471875 0.643333 0.101250 0.050000
leaf 0.497500 0.680417 0.115000 0.020833
stem 0.187500 0.139167 0.092500 0.080000
stem 0.253125 0.217083 0.191250 0.137500
stem 0.660625 0.149167 0.041250 0.035000
stem 0.383125 0.217083 0.103750 0.037500
stem 0.251875 0.318333 0.091250 0.140000
stem 0.801875 0.317917 0.083750 0.139167
stem 0.187500 0.435833 0.087500 0.110000
stem 0.158750 0.524167 0.052500 0.105000
stem 0.208125 0.552083 0.068750 0.050833
stem 0.344375 0.625417 0.136250 0.045833
stem 0.691875 0.767083 0.113750 0.065833
stem 0.769375 0.693750 0.083750 0.054167
stem 0.844375 0.557917 0.093750 0.172500
flower 0.053125 0.171667 0.051250 0.040000
leaf 0.422500 0.832917 0.077500 0.107500
leaf 0.458750 0.767083 0.130000 0.045833
leaf 0.381250 0.681250 0.077500 0.064167
leaf 0.330000 0.770417 0.110000 0.114167
leaf 0.663125 0.831250 0.071250 0.060833
leaf 0.221250 0.504167 0.075000 0.035000
leaf 0.360000 0.526250 0.165000 0.070833
leaf 0.433125 0.443333 0.261250 0.111667
leaf 0.503750 0.585000 0.095000 0.055000
leaf 0.730000 0.617917 0.115000 0.052500
