flower 0.448125 0.099583 0.026250 0.020833
flower 0.473125 0.135833 0.048750 0.021667
flower 0.568125 0.529167 0.028750 0.028333
stem 0.425625 0.120000 0.031250 0.040000
stem 0.490000 0.080417 0.070000 0.079167
stem 0.508125 0.160417 0.076250 0.035833
stem 0.614375 0.166250 0.216250 0.092500
stem 0.757500 0.271250 0.140000 0.137500
stem 0.543750 0.415833 0.032500 0.245000
stem 0.573750 0.379583 0.095000 0.267500
stem 0.443125 0.461250 0.073750 0.292500
stem 0.232500 0.573333 0.135000 0.150000
stem 0.342500 0.645417 0.250000 0.072500
flower 0.243125 0.613333 0.026250 0.018333
stem 0.745625 0.687083 0.108750 0.090833
stem 0.636250 0.715833 0.132500 0.031667
stem 0.607500 0.690833 0.175000 0.298333
stem 0.708125 0.388333 0.236250 0.446667
