leaf 0.736250 0.666667 0.097500 0.060000
leaf 0.589375 0.654167 0.126250 0.073333
leaf 0.682500 0.638750 0.102500 0.049167
leaf 0.832500 0.516667 0.135000 0.088333
leaf 0.702500 0.570000 0.085000 0.063333
leaf 0.650000 0.322500 0.137500 0.088333
leaf 0.708125 0.443333 0.123750 0.060000
leaf 0.681875 0.395000 0.158750 0.061667
leaf 0.705000 0.507500 0.127500 0.068333
leaf 0.567500 0.587083 0.167500 0.079167
leaf 0.557500 0.520833 0.175000 0.068333
leaf 0.597500 0.445000 0.110000 0.093333
leaf 0.481250 0.476667 0.110000 0.050000
leaf 0.408125 0.589583 0.151250 0.065833
leaf 0.400625 0.497500 0.061250 0.068333
leaf 0.360000 0.535000 0.110000 0.038333
leaf 0.326250 0.479583 0.117500 0.072500
fruit 0.583750 0.471667 0.060000 0.033333
fruit 0.360000 0.509167 0.037500 0.015000
fruit 0.471250 0.513333 0.055000 0.023333
fruit 0.351875 0.543750 0.028750 0.024167
fruit 0.618125 0.423333 0.071250 0.040000
fruit 0.496250 0.455000 0.045000 0.031667
fruit 0.628125 0.338333 0.066250 0.040000
fruit 0.723750 0.357917 0.030000 0.020833
stem 0.805625 0.606667 0.053750 0.058333
stem 0.493750 0.666667 0.077500 0.071667
stem 0.586875 0.787083 0.148750 0.195833
stem 0.705000 0.754583 0.105000 0.119167
