flower 0.177500 0.281250 0.042500 0.025833
flower 0.443750 0.115000 0.092500 0.036667
flower 0.726250 0.197500 0.030000 0.016667
flower 0.716250 0.170000 0.032500 0.013333
flower 0.218750 0.644583 0.022500 0.019167
flower 0.755000 0.658333 0.020000 0.010000
flower 0.762500 0.519167 0.022500 0.015000
flower 0.905000 0.312500 0.040000 0.031667
flower 0.872500 0.244167 0.030000 0.018333
flower 0.440000 0.179167 0.017500 0.010000
leaf 0.451875 0.155833 0.031250 0.035000
leaf 0.399375 0.180000 0.043750 0.038333
leaf 0.481250 0.209583 0.072500 0.025833
leaf 0.428125 0.211667 0.028750 0.040000
leaf 0.478750 0.239167 0.077500 0.023333
flower 0.418125 0.275417 0.013750 0.015833
leaf 0.383750 0.235000 0.082500 0.036667
leaf 0.194375 0.297083 0.048750 0.029167
leaf 0.150000 0.293333 0.020000 0.050000
leaf 0.153750 0.347917 0.032500 0.019167
leaf 0.190625 0.419583 0.053750 0.047500
leaf 0.181875 0.471667 0.063750 0.040000
leaf 0.139375 0.594583 0.056250 0.057500
leaf 0.166875 0.616667 0.081250 0.050000
leaf 0.488750 0.577083 0.025000 0.032500
leaf 0.436875 0.545000 0.086250 0.036667
leaf 0.726875 0.126250 0.048750 0.017500
leaf 0.803750 0.206250 0.047500 0.040833
leaf 0.696875 0.552500 0.058750 0.070000
leaf 0.751250 0.550833 0.037500 0.018333
leaf 0.773125 0.442917 0.061250 0.049167
leaf 0.861250 0.386250 0.052500 0.049167
leaf 0.848750 0.362500 0.047500 0.013333
leaf 0.866875 0.301667 0.071250 0.050000
stem 0.163125 0.382083 0.013750 0.030833
stem 0.176250 0.535000 0.015000 0.038333
stem 0.197500 0.670833 0.012500 0.065000
stem 0.489375 0.632500 0.038750 0.078333
stem 0.438750 0.407500 0.047500 0.236667
leaf 0.668125 0.500417 0.036250 0.044167
stem 0.605625 0.414167 0.098750 0.126667
stem 0.726875 0.616250 0.056250 0.062500
stem 0.731250 0.680417 0.027500 0.064167
stem 0.747500 0.580417 0.035000 0.035833
stem 0.786250 0.492500 0.022500 0.038333
stem 0.817500 0.440417 0.020000 0.034167
stem 0.827500 0.294167 0.017500 0.121667
stem 0.835625 0.188750 0.018750 0.074167
stem 0.799375 0.135417 0.056250 0.024167
