fruit 0.235000 0.236250 0.030000 0.024167
flower 0.451250 0.100417 0.050000 0.025833
flower 0.890000 0.244167 0.035000 0.025000
flower 0.899375 0.272917 0.026250 0.017500
leaf 0.575625 0.688333 0.181250 0.056667
leaf 0.524375 0.645833 0.073750 0.045000
leaf 0.395000 0.580833 0.175000 0.181667
leaf 0.516875 0.544583 0.091250 0.139167
leaf 0.747500 0.448333 0.072500 0.050000
leaf 0.772500 0.399167 0.127500 0.036667
leaf 0.760625 0.355833 0.093750 0.065000
leaf 0.293125 0.250000 0.111250 0.035000
leaf 0.174375 0.218333 0.088750 0.090000
leaf 0.245625 0.205833 0.056250 0.033333
leaf 0.316875 0.306667 0.093750 0.061667
leaf 0.401250 0.298750 0.080000 0.077500
leaf 0.455625 0.269583 0.053750 0.042500
leaf 0.516875 0.265833 0.101250 0.063333
leaf 0.486875 0.118333 0.066250 0.020000
leaf 0.696250 0.208750 0.150000 0.107500
leaf 0.796250 0.181250 0.105000 0.060833
leaf 0.868750 0.313333 0.200000 0.076667
stem 0.733125 0.300833 0.048750 0.036667
stem 0.323125 0.217500 0.026250 0.028333
stem 0.238750 0.373750 0.062500 0.195833
stem 0.688125 0.398750 0.051250 0.265833
stem 0.340000 0.772500 0.250000 0.166667
leaf 0.355625 0.125417 0.103750 0.114167
leaf 0.469375 0.129583 0.123750 0.090833
leaf 0.425625 0.208333 0.106250 0.070000
leaf 0.526875 0.199583 0.088750 0.069167
leaf 0.807500 0.246667 0.087500 0.088333
leaf 0.906250 0.234167 0.105000 0.068333
