fruit 0.721250 0.562917 0.040000 0.032500
fruit 0.723125 0.508750 0.036250 0.025833
fruit 0.769375 0.500833 0.036250 0.025000
fruit 0.380625 0.378333 0.036250 0.023333
fruit 0.348750 0.363333 0.040000 0.028333
fruit 0.390000 0.346667 0.032500 0.026667
fruit 0.326250 0.315833 0.047500 0.035000
fruit 0.403750 0.317500 0.037500 0.025000
fruit 0.499375 0.305833 0.038750 0.030000
fruit 0.396875 0.222917 0.036250 0.022500
leaf 0.781250 0.177083 0.147500 0.252500
leaf 0.483750 0.096250 0.210000 0.172500
leaf 0.496250 0.217917 0.277500 0.117500
leaf 0.547500 0.363750 0.275000 0.094167
leaf 0.155625 0.412500 0.158750 0.181667
leaf 0.258750 0.172083 0.142500 0.239167
leaf 0.491875 0.288333 0.103750 0.070000
leaf 0.777500 0.456250 0.232500 0.245833
leaf 0.595000 0.713750 0.315000 0.220833
stem 0.767500 0.601667 0.102500 0.036667
stem 0.871250 0.719167 0.112500 0.203333
stem 0.257500 0.335000 0.052500 0.058333
stem 0.312500 0.280833 0.060000 0.050000
stem 0.350625 0.237083 0.051250 0.057500
leaf 0.577500 0.528333 0.257500 0.163333
leaf 0.113125 0.192917 0.223750 0.249167
