flower 0.296875 0.099167 0.086250 0.096667
flower 0.300000 0.165417 0.077500 0.054167
flower 0.271875 0.207083 0.078750 0.069167
flower 0.258750 0.255000 0.057500 0.023333
flower 0.279375 0.285833 0.048750 0.035000
flower 0.323125 0.283750 0.063750 0.090833
flower 0.342500 0.340833 0.067500 0.045000
flower 0.361250 0.377500 0.030000 0.021667
flower 0.283750 0.451250 0.065000 0.034167
flower 0.303125 0.413333 0.028750 0.020000
flower 0.295625 0.502917 0.036250 0.040833
flower 0.222500 0.575417 0.015000 0.025833
flower 0.187500 0.652917 0.020000 0.025833
leaf 0.357500 0.280000 0.045000 0.025000
leaf 0.323750 0.369583 0.042500 0.037500
leaf 0.332500 0.397500 0.125000 0.031667
leaf 0.212500 0.407500 0.185000 0.058333
leaf 0.362500 0.457500 0.077500 0.071667
leaf 0.118750 0.545417 0.195000 0.164167
leaf 0.250625 0.607917 0.096250 0.132500
leaf 0.583125 0.484583 0.271250 0.092500
leaf 0.453750 0.615417 0.267500 0.082500
leaf 0.326250 0.797917 0.277500 0.085833
stem 0.098125 0.832083 0.148750 0.324167
stem 0.846875 0.263750 0.261250 0.525833
stem 0.699375 0.593750 0.156250 0.145833
stem 0.330625 0.926667 0.218750 0.101667
stem 0.565625 0.783333 0.211250 0.221667
leaf 0.540625 0.965000 0.206250 0.070000
