flower 0.109375 0.149167 0.038750 0.015000
flower 0.158125 0.176250 0.028750 0.010833
flower 0.293750 0.322500 0.045000 0.038333
flower 0.478125 0.235833 0.026250 0.015000
flower 0.448750 0.249583 0.022500 0.014167
flower 0.557500 0.253333 0.050000 0.030000
flower 0.565000 0.202500 0.030000 0.031667
flower 0.762500 0.129583 0.035000 0.034167
flower 0.839375 0.255833 0.048750 0.035000
flower 0.478750 0.385000 0.047500 0.033333
flower 0.721875 0.445000 0.058750 0.036667
leaf 0.186875 0.159583 0.033750 0.055833
leaf 0.158125 0.203333 0.083750 0.070000
leaf 0.475625 0.253333 0.068750 0.030000
leaf 0.479375 0.229167 0.031250 0.036667
leaf 0.628125 0.238333 0.061250 0.066667
leaf 0.566875 0.273333 0.038750 0.010000
leaf 0.751250 0.180000 0.032500 0.068333
leaf 0.855625 0.358750 0.131250 0.037500
leaf 0.588125 0.327500 0.106250 0.051667
leaf 0.176250 0.518750 0.142500 0.024167
leaf 0.127500 0.533333 0.067500 0.055000
leaf 0.436250 0.570833 0.075000 0.038333
leaf 0.728750 0.535000 0.130000 0.081667
leaf 0.360000 0.764583 0.142500 0.057500
stem 0.214375 0.373750 0.053750 0.274167
stem 0.256250 0.422917 0.070000 0.167500
stem 0.417500 0.408750 0.075000 0.279167
stem 0.645625 0.316667 0.021250 0.086667
stem 0.598750 0.292083 0.025000 0.020833
stem 0.777500 0.279167 0.050000 0.130000
stem 0.828125 0.308333 0.033750 0.065000
stem 0.773750 0.470833 0.042500 0.045000
stem 0.810625 0.468750 0.031250 0.184167
stem 0.626250 0.546667 0.045000 0.380000
stem 0.796250 0.618333 0.047500 0.143333
stem 0.447500 0.668333 0.030000 0.166667
stem 0.220000 0.636667 0.055000 0.208333
stem 0.433750 0.781250 0.027500 0.034167
leaf 0.059375 0.789583 0.086250 0.057500
