fruit 0.518125 0.522917 0.101250 0.030833
fruit 0.498750 0.495417 0.070000 0.057500
fruit 0.481250 0.478750 0.047500 0.034167
fruit 0.515625 0.422917 0.061250 0.019167
fruit 0.505000 0.398333 0.052500 0.040000
fruit 0.597500 0.385000 0.017500 0.013333
leaf 0.482500 0.146250 0.335000 0.089167
leaf 0.207500 0.100000 0.180000 0.153333
leaf 0.809375 0.416250 0.348750 0.087500
leaf 0.690625 0.336667 0.213750 0.150000
leaf 0.487500 0.480417 0.202500 0.070833
leaf 0.188750 0.410417 0.192500 0.170833
leaf 0.260000 0.281667 0.167500 0.225000
leaf 0.478125 0.321667 0.288750 0.105000
leaf 0.377500 0.438750 0.187500 0.129167
stem 0.525000 0.443333 0.062500 0.020000
stem 0.393750 0.533333 0.142500 0.031667
stem 0.156875 0.627083 0.213750 0.267500
stem 0.351250 0.102083 0.035000 0.050833
