flower 0.536250 0.131667 0.050000 0.035000
leaf 0.245625 0.168333 0.331250 0.045000
leaf 0.429375 0.175833 0.178750 0.125000
leaf 0.551875 0.685833 0.118750 0.180000
leaf 0.663125 0.286250 0.106250 0.072500
leaf 0.833750 0.327083 0.182500 0.102500
leaf 0.478750 0.366667 0.147500 0.181667
leaf 0.515625 0.328750 0.136250 0.200833
leaf 0.630625 0.335417 0.161250 0.175833
leaf 0.771875 0.385417 0.208750 0.162500
leaf 0.620625 0.510833 0.276250 0.183333
leaf 0.186250 0.235833 0.220000 0.086667
flower 0.460000 0.056667 0.082500 0.053333
flower 0.243750 0.066250 0.112500 0.095833
flower 0.158125 0.080000 0.053750 0.046667
flower 0.309375 0.127083 0.053750 0.034167
flower 0.658750 0.219167 0.115000 0.055000
flower 0.793750 0.241667 0.102500 0.060000
flower 0.880625 0.223333 0.088750 0.046667
flower 0.464375 0.323750 0.103750 0.104167
flower 0.356250 0.074583 0.115000 0.087500
leaf 0.078750 0.107500 0.105000 0.088333
leaf 0.340000 0.317083 0.162500 0.130833
leaf 0.203750 0.354583 0.127500 0.169167
leaf 0.298750 0.432917 0.070000 0.100833
leaf 0.512500 0.833333 0.067500 0.070000
stem 0.471250 0.915417 0.057500 0.092500
flower 0.957500 0.247083 0.052500 0.067500
