fruit 0.383750 0.167500 0.025000 0.018333
fruit 0.813125 0.618333 0.018750 0.020000
fruit 0.853750 0.609583 0.022500 0.014167
fruit 0.829375 0.593750 0.028750 0.014167
fruit 0.835000 0.513750 0.030000 0.012500
fruit 0.870000 0.504583 0.042500 0.015833
fruit 0.795625 0.449583 0.023750 0.025833
fruit 0.783750 0.428750 0.025000 0.015833
fruit 0.821250 0.423333 0.017500 0.013333
leaf 0.777500 0.712500 0.155000 0.091667
leaf 0.867500 0.672917 0.075000 0.042500
leaf 0.868125 0.624583 0.113750 0.052500
leaf 0.544375 0.692917 0.131250 0.042500
leaf 0.625625 0.669167 0.096250 0.096667
leaf 0.513750 0.645417 0.135000 0.047500
leaf 0.438750 0.620417 0.052500 0.049167
leaf 0.758125 0.655833 0.058750 0.050000
leaf 0.723125 0.601250 0.113750 0.057500
leaf 0.785625 0.557083 0.113750 0.072500
leaf 0.273125 0.551667 0.076250 0.046667
leaf 0.255000 0.494583 0.060000 0.032500
leaf 0.459375 0.491667 0.078750 0.075000
leaf 0.390625 0.485417 0.031250 0.050833
leaf 0.344375 0.495833 0.081250 0.055000
leaf 0.208125 0.442500 0.063750 0.058333
leaf 0.209375 0.402083 0.071250 0.057500
leaf 0.593125 0.476250 0.121250 0.050833
leaf 0.891250 0.471250 0.185000 0.069167
leaf 0.766250 0.497083 0.070000 0.067500
leaf 0.883750 0.416667 0.105000 0.065000
leaf 0.800625 0.395833 0.073750 0.045000
leaf 0.713125 0.449167 0.118750 0.058333
leaf 0.696875 0.377917 0.103750 0.095833
leaf 0.616875 0.380833 0.091250 0.131667
leaf 0.502500 0.409167 0.070000 0.075000
leaf 0.458750 0.375000 0.050000 0.086667
leaf 0.531250 0.342917 0.082500 0.070833
leaf 0.499375 0.283333 0.028750 0.050000
leaf 0.564375 0.250417 0.076250 0.064167
leaf 0.573125 0.178750 0.073750 0.080833
leaf 0.510625 0.219583 0.041250 0.085833
leaf 0.395000 0.321250 0.105000 0.154167
leaf 0.300000 0.352500 0.082500 0.153333
leaf 0.223750 0.359167 0.075000 0.091667
leaf 0.087500 0.316250 0.032500 0.050833
stem 0.368750 0.610000 0.090000 0.183333
stem 0.296875 0.504167 0.021250 0.050000
stem 0.279375 0.455833 0.051250 0.058333
stem 0.363125 0.437917 0.028750 0.070833
stem 0.143750 0.323333 0.070000 0.061667
stem 0.294375 0.270833 0.036250 0.021667
stem 0.508750 0.777917 0.192500 0.132500
stem 0.693125 0.658750 0.066250 0.054167
stem 0.645000 0.560417 0.067500 0.124167
stem 0.703750 0.554583 0.045000 0.040833
leaf 0.082500 0.245417 0.145000 0.084167
leaf 0.218125 0.283750 0.118750 0.059167
leaf 0.148750 0.127500 0.117500 0.105000
leaf 0.202500 0.219167 0.087500 0.078333
leaf 0.128750 0.190833 0.075000 0.050000
leaf 0.269375 0.225000 0.053750 0.056667
leaf 0.330000 0.217917 0.072500 0.065833
leaf 0.425625 0.203750 0.116250 0.075833
leaf 0.256250 0.158333 0.100000 0.078333
leaf 0.331250 0.163333 0.042500 0.046667
leaf 0.311875 0.089583 0.128750 0.120833
leaf 0.440625 0.107917 0.133750 0.117500
