flower 0.527500 0.205833 0.037500 0.031667
flower 0.533125 0.397500 0.033750 0.021667
flower 0.878750 0.562500 0.025000 0.021667
flower 0.453125 0.202083 0.021250 0.012500
leaf 0.208750 0.241667 0.117500 0.058333
leaf 0.489375 0.210833 0.028750 0.025000
leaf 0.526250 0.219583 0.032500 0.032500
leaf 0.498125 0.236250 0.028750 0.029167
leaf 0.465000 0.299167 0.035000 0.025000
flower 0.761250 0.402500 0.020000 0.016667
leaf 0.749375 0.355000 0.018750 0.011667
leaf 0.748125 0.392500 0.026250 0.015000
flower 0.583750 0.407917 0.030000 0.022500
leaf 0.501250 0.412917 0.067500 0.062500
leaf 0.816250 0.510417 0.102500 0.057500
leaf 0.881875 0.538750 0.036250 0.024167
leaf 0.921250 0.562917 0.057500 0.042500
leaf 0.407500 0.505000 0.062500 0.033333
leaf 0.411875 0.580417 0.056250 0.034167
leaf 0.378125 0.535000 0.051250 0.046667
leaf 0.333750 0.567083 0.070000 0.047500
leaf 0.325625 0.655833 0.076250 0.033333
stem 0.412500 0.126667 0.452500 0.143333
stem 0.205000 0.409167 0.292500 0.281667
stem 0.338750 0.616250 0.087500 0.040833
stem 0.433125 0.822500 0.158750 0.280000
stem 0.803125 0.445000 0.048750 0.073333
stem 0.748125 0.371250 0.023750 0.020833
stem 0.425625 0.397917 0.101250 0.177500
stem 0.510000 0.279583 0.042500 0.062500
stem 0.458750 0.248750 0.040000 0.070833
stem 0.656875 0.286667 0.228750 0.101667
