flower 0.564375 0.594167 0.033750 0.018333
flower 0.591250 0.580833 0.030000 0.021667
flower 0.550625 0.540000 0.033750 0.016667
flower 0.525625 0.538333 0.021250 0.015000
flower 0.606250 0.543333 0.035000 0.026667
flower 0.628750 0.538750 0.027500 0.024167
flower 0.655000 0.532500 0.035000 0.018333
flower 0.535000 0.511250 0.032500 0.025833
flower 0.568750 0.505417 0.047500 0.022500
flower 0.778125 0.492917 0.076250 0.039167
flower 0.665000 0.442500 0.065000 0.028333
flower 0.727500 0.434167 0.047500 0.041667
flower 0.642500 0.411250 0.062500 0.025833
flower 0.654375 0.385000 0.053750 0.023333
flower 0.726250 0.379167 0.050000 0.045000
flower 0.683125 0.358750 0.066250 0.034167
flower 0.542500 0.370000 0.035000 0.023333
flower 0.234375 0.394167 0.018750 0.015000
flower 0.160625 0.300000 0.051250 0.028333
flower 0.141250 0.235000 0.070000 0.043333
flower 0.266250 0.250417 0.035000 0.040833
flower 0.232500 0.249583 0.040000 0.032500
flower 0.292500 0.264583 0.025000 0.032500
flower 0.375625 0.266250 0.028750 0.029167
flower 0.615000 0.201667 0.022500 0.023333
flower 0.677500 0.220000 0.050000 0.031667
flower 0.683750 0.184167 0.092500 0.038333
flower 0.292500 0.225000 0.037500 0.028333
flower 0.348125 0.218750 0.048750 0.029167
flower 0.225000 0.202917 0.060000 0.052500
flower 0.179375 0.208333 0.038750 0.030000
flower 0.165625 0.174583 0.068750 0.027500
flower 0.216875 0.160000 0.036250 0.033333
flower 0.181875 0.143750 0.076250 0.045833
flower 0.376250 0.179167 0.042500 0.031667
flower 0.354375 0.191667 0.046250 0.025000
flower 0.304375 0.173333 0.083750 0.033333
flower 0.327500 0.142917 0.052500 0.032500
flower 0.432500 0.136667 0.040000 0.016667
flower 0.463125 0.099167 0.053750 0.025000
flower 0.502500 0.132083 0.087500 0.042500
flower 0.514375 0.082500 0.066250 0.058333
flower 0.618750 0.665000 0.015000 0.013333
leaf 0.780625 0.547083 0.098750 0.049167
leaf 0.700625 0.482083 0.101250 0.067500
leaf 0.581250 0.615417 0.090000 0.059167
leaf 0.631250 0.576250 0.060000 0.059167
leaf 0.536875 0.566667 0.063750 0.043333
leaf 0.585000 0.523333 0.035000 0.050000
leaf 0.320000 0.510000 0.055000 0.060000
leaf 0.259375 0.476250 0.086250 0.069167
leaf 0.486875 0.413333 0.111250 0.058333
leaf 0.571875 0.323333 0.101250 0.056667
leaf 0.587500 0.258333 0.127500 0.086667
leaf 0.398750 0.392500 0.057500 0.068333
leaf 0.335625 0.390833 0.063750 0.076667
leaf 0.292500 0.355417 0.062500 0.092500
leaf 0.229375 0.358750 0.036250 0.032500
leaf 0.260000 0.292917 0.057500 0.050833
leaf 0.203125 0.282083 0.048750 0.062500
leaf 0.334375 0.290417 0.063750 0.067500
leaf 0.441250 0.198750 0.135000 0.089167
stem 0.181250 0.348750 0.062500 0.059167
stem 0.212500 0.410000 0.045000 0.071667
stem 0.256875 0.422500 0.016250 0.035000
stem 0.385000 0.467500 0.082500 0.071667
stem 0.330625 0.600833 0.036250 0.115000
stem 0.696250 0.650833 0.070000 0.268333
stem 0.612500 0.687083 0.082500 0.082500
leaf 0.455000 0.310000 0.160000 0.140000
