fruit 0.402500 0.189167 0.032500 0.025000
fruit 0.508750 0.165417 0.040000 0.024167
fruit 0.758125 0.252917 0.061250 0.032500
fruit 0.741875 0.506250 0.036250 0.035833
fruit 0.805625 0.478750 0.046250 0.029167
fruit 0.823750 0.427083 0.057500 0.057500
fruit 0.750625 0.412083 0.033750 0.030833
leaf 0.271875 0.156250 0.151250 0.130833
leaf 0.356875 0.215000 0.081250 0.073333
leaf 0.448125 0.186250 0.118750 0.122500
leaf 0.465000 0.306667 0.092500 0.108333
leaf 0.530000 0.296250 0.077500 0.049167
leaf 0.675000 0.238750 0.120000 0.077500
leaf 0.630000 0.312500 0.152500 0.061667
leaf 0.798750 0.307917 0.147500 0.067500
leaf 0.804375 0.370000 0.116250 0.061667
leaf 0.658125 0.388333 0.146250 0.090000
leaf 0.598125 0.469583 0.128750 0.080833
leaf 0.680000 0.466250 0.117500 0.110833
leaf 0.832500 0.494167 0.182500 0.090000
leaf 0.786875 0.567500 0.201250 0.068333
flower 0.901875 0.640000 0.031250 0.018333
leaf 0.859375 0.684167 0.168750 0.081667
leaf 0.725625 0.667083 0.101250 0.077500
stem 0.311250 0.549167 0.422500 0.368333
stem 0.595000 0.616667 0.145000 0.060000
stem 0.584375 0.526250 0.121250 0.047500
stem 0.344375 0.310417 0.091250 0.104167
leaf 0.785625 0.621250 0.108750 0.040833
leaf 0.900000 0.617083 0.140000 0.055833
leaf 0.935625 0.580833 0.068750 0.041667
