leaf 0.400000 0.111250 0.142500 0.089167
leaf 0.368750 0.228750 0.217500 0.140833
leaf 0.238750 0.242083 0.100000 0.059167
leaf 0.370625 0.381667 0.231250 0.156667
leaf 0.532500 0.474583 0.110000 0.052500
leaf 0.702500 0.490833 0.142500 0.095000
leaf 0.877500 0.440833 0.115000 0.048333
leaf 0.740625 0.611250 0.078750 0.034167
leaf 0.662500 0.622917 0.095000 0.039167
leaf 0.469375 0.582917 0.278750 0.164167
leaf 0.494375 0.673333 0.063750 0.036667
leaf 0.505625 0.712083 0.038750 0.020833
leaf 0.693125 0.720417 0.186250 0.159167
leaf 0.486875 0.817500 0.208750 0.128333
flower 0.096250 0.135000 0.082500 0.066667
flower 0.171875 0.130417 0.071250 0.062500
flower 0.231250 0.149583 0.107500 0.050833
flower 0.306875 0.114583 0.056250 0.024167
flower 0.355000 0.119167 0.042500 0.015000
flower 0.387500 0.104167 0.070000 0.023333
flower 0.428750 0.053333 0.130000 0.076667
flower 0.527500 0.096667 0.092500 0.035000
flower 0.456250 0.107083 0.052500 0.040833
flower 0.521250 0.133750 0.092500 0.040833
flower 0.513750 0.233333 0.092500 0.066667
flower 0.528750 0.282917 0.120000 0.040833
flower 0.781875 0.322500 0.148750 0.106667
flower 0.866875 0.389583 0.086250 0.055833
flower 0.471250 0.346250 0.037500 0.030833
flower 0.495000 0.365417 0.027500 0.032500
flower 0.538750 0.367500 0.050000 0.050000
flower 0.648125 0.445000 0.148750 0.093333
flower 0.628125 0.570000 0.076250 0.053333
flower 0.563125 0.707083 0.121250 0.122500
stem 0.625625 0.771250 0.048750 0.057500
stem 0.660625 0.696667 0.051250 0.100000
stem 0.636875 0.653333 0.096250 0.020000
stem 0.711875 0.633333 0.033750 0.030000
stem 0.680000 0.569583 0.020000 0.067500
stem 0.640625 0.570417 0.023750 0.069167
stem 0.776250 0.561667 0.060000 0.080000
stem 0.811875 0.485833 0.041250 0.078333
stem 0.571250 0.410417 0.037500 0.047500
stem 0.552500 0.365000 0.022500 0.048333
stem 0.539375 0.322083 0.028750 0.040833
stem 0.524375 0.227083 0.018750 0.152500
stem 0.611250 0.858333 0.042500 0.066667
stem 0.578125 0.906667 0.053750 0.050000
