flower 0.776875 0.247917 0.086250 0.087500
flower 0.825000 0.334167 0.087500 0.078333
flower 0.843750 0.459167 0.082500 0.095000
flower 0.785000 0.642917 0.080000 0.069167
flower 0.273750 0.538750 0.047500 0.030833
flower 0.215625 0.540000 0.051250 0.035000
flower 0.158750 0.542083 0.047500 0.040833
leaf 0.660625 0.165417 0.041250 0.064167
leaf 0.604375 0.179583 0.088750 0.029167
leaf 0.708750 0.237917 0.037500 0.070833
leaf 0.750625 0.333750 0.033750 0.030833
flower 0.648750 0.232500 0.070000 0.045000
leaf 0.601875 0.224167 0.098750 0.068333
leaf 0.655625 0.290000 0.093750 0.033333
leaf 0.468125 0.549167 0.048750 0.080000
leaf 0.424375 0.588750 0.066250 0.050833
leaf 0.411250 0.539583 0.037500 0.054167
leaf 0.375625 0.585417 0.063750 0.064167
leaf 0.350625 0.504583 0.053750 0.034167
leaf 0.336875 0.461250 0.091250 0.055833
leaf 0.405000 0.462500 0.052500 0.056667
leaf 0.424375 0.390417 0.076250 0.110833
leaf 0.432500 0.305833 0.115000 0.121667
leaf 0.361250 0.310833 0.055000 0.061667
stem 0.378750 0.407500 0.012500 0.088333
stem 0.383125 0.532083 0.008750 0.065833
stem 0.724375 0.638333 0.053750 0.048333
stem 0.748750 0.481667 0.070000 0.261667
stem 0.660000 0.744167 0.055000 0.043333
