fruit 0.516875 0.263333 0.026250 0.035000
fruit 0.590625 0.260417 0.046250 0.022500
fruit 0.574375 0.236250 0.076250 0.034167
fruit 0.261250 0.124167 0.042500 0.041667
fruit 0.617500 0.533333 0.040000 0.026667
fruit 0.170625 0.557083 0.043750 0.032500
leaf 0.366250 0.208333 0.162500 0.165000
leaf 0.426875 0.072917 0.258750 0.144167
leaf 0.153750 0.096250 0.257500 0.182500
leaf 0.203750 0.246250 0.115000 0.075833
leaf 0.288750 0.340000 0.220000 0.123333
leaf 0.691875 0.347917 0.261250 0.204167
leaf 0.884375 0.281667 0.151250 0.130000
leaf 0.729375 0.548333 0.383750 0.251667
leaf 0.375000 0.498750 0.317500 0.207500
leaf 0.133750 0.552500 0.080000 0.100000
leaf 0.342500 0.652083 0.315000 0.120833
leaf 0.349375 0.768333 0.218750 0.133333
leaf 0.531250 0.764167 0.140000 0.131667
stem 0.528125 0.661667 0.048750 0.081667
stem 0.173750 0.406667 0.075000 0.051667
stem 0.845000 0.357083 0.035000 0.077500
stem 0.603125 0.820417 0.051250 0.049167
