flower 0.558125 0.109167 0.071250 0.031667
flower 0.666875 0.142917 0.058750 0.024167
flower 0.788750 0.254583 0.052500 0.020833
leaf 0.628125 0.163333 0.038750 0.023333
leaf 0.616250 0.242083 0.182500 0.087500
leaf 0.477500 0.209583 0.117500 0.090833
leaf 0.743750 0.359583 0.070000 0.055833
leaf 0.681250 0.423333 0.100000 0.076667
leaf 0.707500 0.513750 0.177500 0.085833
leaf 0.523125 0.527500 0.133750 0.113333
leaf 0.451250 0.359167 0.190000 0.125000
leaf 0.170625 0.469167 0.118750 0.075000
leaf 0.163750 0.587083 0.115000 0.079167
leaf 0.356250 0.656667 0.182500 0.110000
leaf 0.185000 0.691667 0.135000 0.103333
leaf 0.388125 0.788333 0.198750 0.130000
stem 0.544375 0.169583 0.031250 0.077500
stem 0.783125 0.310417 0.023750 0.065833
stem 0.518750 0.287500 0.035000 0.111667
stem 0.730000 0.401250 0.015000 0.019167
stem 0.612500 0.524583 0.045000 0.027500
stem 0.496875 0.629167 0.103750 0.095000
stem 0.238750 0.356667 0.122500 0.155000
stem 0.247500 0.553750 0.037500 0.235833
stem 0.277500 0.758750 0.055000 0.152500
