fruit 0.736250 0.099167 0.032500 0.025000
fruit 0.673750 0.087917 0.062500 0.027500
fruit 0.690625 0.123750 0.061250 0.040833
fruit 0.799375 0.164167 0.046250 0.045000
fruit 0.762500 0.165000 0.035000 0.018333
fruit 0.690625 0.166667 0.046250 0.031667
fruit 0.665000 0.179583 0.037500 0.025833
fruit 0.796250 0.421667 0.042500 0.050000
fruit 0.762500 0.412500 0.025000 0.018333
fruit 0.724375 0.446250 0.068750 0.030833
fruit 0.553125 0.312917 0.076250 0.037500
fruit 0.575625 0.353333 0.058750 0.035000
fruit 0.566250 0.384167 0.042500 0.043333
fruit 0.525000 0.373750 0.055000 0.032500
fruit 0.483750 0.342500 0.067500 0.033333
fruit 0.400000 0.355000 0.020000 0.013333
fruit 0.366875 0.334583 0.061250 0.029167
fruit 0.380625 0.397917 0.018750 0.012500
fruit 0.355625 0.403750 0.016250 0.009167
fruit 0.351250 0.378333 0.042500 0.016667
fruit 0.327500 0.361667 0.030000 0.020000
fruit 0.160625 0.314167 0.063750 0.025000
fruit 0.190000 0.281250 0.057500 0.034167
fruit 0.184375 0.247917 0.061250 0.027500
fruit 0.136875 0.253750 0.066250 0.034167
leaf 0.741875 0.137500 0.021250 0.040000
leaf 0.766875 0.190833 0.028750 0.041667
leaf 0.697500 0.207083 0.037500 0.014167
leaf 0.785625 0.274583 0.141250 0.124167
leaf 0.276875 0.375417 0.076250 0.107500
leaf 0.200000 0.377083 0.087500 0.112500
leaf 0.391875 0.388750 0.051250 0.070833
leaf 0.113750 0.510000 0.122500 0.130000
leaf 0.101875 0.600833 0.171250 0.058333
leaf 0.293125 0.652083 0.073750 0.060833
leaf 0.261875 0.563750 0.081250 0.119167
leaf 0.486875 0.582917 0.086250 0.087500
leaf 0.637500 0.592917 0.115000 0.147500
leaf 0.738750 0.563750 0.105000 0.077500
leaf 0.628750 0.461667 0.157500 0.160000
leaf 0.488125 0.421667 0.111250 0.120000
leaf 0.389375 0.461250 0.101250 0.092500
leaf 0.574375 0.731667 0.128750 0.095000
leaf 0.408125 0.765417 0.106250 0.065833
leaf 0.511875 0.796250 0.111250 0.079167
stem 0.748750 0.372917 0.020000 0.052500
stem 0.254375 0.458750 0.041250 0.047500
stem 0.232500 0.637083 0.050000 0.030833
stem 0.388125 0.652500 0.121250 0.150000
stem 0.484375 0.692500 0.063750 0.121667
stem 0.703750 0.544167 0.022500 0.043333
stem 0.502500 0.518333 0.015000 0.070000
leaf 0.416875 0.539167 0.101250 0.078333
leaf 0.320625 0.526250 0.128750 0.095833
