fruit 0.246250 0.589583 0.062500 0.025833
fruit 0.218125 0.515417 0.033750 0.034167
fruit 0.749375 0.522083 0.051250 0.034167
fruit 0.633125 0.365000 0.046250 0.043333
fruit 0.286875 0.114167 0.036250 0.031667
fruit 0.255000 0.099583 0.050000 0.034167
fruit 0.220625 0.119583 0.041250 0.035833
leaf 0.105000 0.112917 0.187500 0.119167
leaf 0.340000 0.101250 0.155000 0.112500
leaf 0.348750 0.192500 0.182500 0.071667
leaf 0.882500 0.107083 0.065000 0.084167
leaf 0.800000 0.089167 0.105000 0.108333
leaf 0.693750 0.073750 0.117500 0.110833
leaf 0.525625 0.095417 0.201250 0.109167
leaf 0.755625 0.162500 0.153750 0.071667
leaf 0.542500 0.169167 0.197500 0.071667
leaf 0.553750 0.278750 0.205000 0.135833
leaf 0.616250 0.409167 0.160000 0.113333
leaf 0.413125 0.408333 0.253750 0.108333
leaf 0.810625 0.572500 0.253750 0.088333
leaf 0.769375 0.448750 0.206250 0.157500
leaf 0.531250 0.517083 0.235000 0.139167
leaf 0.367500 0.580417 0.172500 0.122500
leaf 0.124375 0.538750 0.226250 0.204167
stem 0.234375 0.192083 0.043750 0.074167
stem 0.803125 0.265000 0.241250 0.138333
stem 0.855625 0.172500 0.038750 0.026667
stem 0.477500 0.810833 0.427500 0.351667
leaf 0.310000 0.495417 0.175000 0.137500
