fruit 0.683125 0.629167 0.038750 0.056667
fruit 0.635625 0.569583 0.016250 0.019167
fruit 0.663750 0.557500 0.047500 0.030000
fruit 0.655625 0.530000 0.036250 0.016667
fruit 0.665625 0.508750 0.028750 0.025833
fruit 0.620625 0.268333 0.033750 0.026667
fruit 0.671250 0.133333 0.060000 0.035000
fruit 0.681250 0.159583 0.032500 0.025833
leaf 0.475000 0.100833 0.095000 0.180000
leaf 0.803750 0.219583 0.355000 0.115833
leaf 0.518125 0.232917 0.238750 0.082500
leaf 0.625625 0.315833 0.158750 0.095000
leaf 0.568750 0.350417 0.100000 0.137500
leaf 0.372500 0.403750 0.105000 0.229167
leaf 0.526250 0.427083 0.152500 0.167500
leaf 0.650625 0.443750 0.131250 0.164167
leaf 0.618125 0.685000 0.108750 0.198333
leaf 0.446250 0.697500 0.232500 0.208333
stem 0.438125 0.208750 0.033750 0.034167
stem 0.576250 0.172917 0.115000 0.037500
stem 0.360625 0.261667 0.061250 0.060000
stem 0.201250 0.439583 0.250000 0.365833
stem 0.468750 0.555833 0.285000 0.053333
