flower 0.141250 0.442917 0.075000 0.054167
flower 0.111250 0.413750 0.070000 0.060833
flower 0.211250 0.472083 0.027500 0.020833
flower 0.461875 0.437917 0.043750 0.032500
flower 0.440000 0.447083 0.027500 0.030833
leaf 0.435625 0.422917 0.088750 0.115833
leaf 0.312500 0.414167 0.157500 0.131667
leaf 0.496250 0.501250 0.240000 0.117500
leaf 0.403750 0.621667 0.087500 0.126667
leaf 0.334375 0.610833 0.056250 0.108333
leaf 0.457500 0.741250 0.177500 0.059167
stem 0.346875 0.733750 0.023750 0.130833
leaf 0.203750 0.541667 0.217500 0.128333
leaf 0.348125 0.510417 0.078750 0.089167
