flower 0.383125 0.601250 0.131250 0.045833
flower 0.362500 0.522500 0.070000 0.098333
flower 0.419375 0.486667 0.036250 0.030000
flower 0.465625 0.422083 0.043750 0.032500
leaf 0.406875 0.339167 0.123750 0.105000
stem 0.556250 0.317083 0.165000 0.090833
stem 0.362500 0.170833 0.250000 0.231667
stem 0.332500 0.310417 0.040000 0.057500
stem 0.377500 0.435000 0.032500 0.086667
stem 0.376250 0.692500 0.035000 0.136667
stem 0.330000 0.785000 0.345000 0.066667
stem 0.672500 0.577500 0.337500 0.445000
