fruit 0.641250 0.590417 0.065000 0.035833
fruit 0.623750 0.545417 0.062500 0.025833
fruit 0.663125 0.540833 0.043750 0.031667
leaf 0.083125 0.094167 0.073750 0.045000
leaf 0.207500 0.259167 0.075000 0.085000
leaf 0.200000 0.318750 0.072500 0.039167
leaf 0.256250 0.319583 0.035000 0.035833
leaf 0.273750 0.364167 0.047500 0.040000
leaf 0.353125 0.373750 0.061250 0.055833
leaf 0.310625 0.388750 0.028750 0.039167
leaf 0.361875 0.425417 0.056250 0.047500
leaf 0.298750 0.434583 0.065000 0.042500
leaf 0.333125 0.474583 0.046250 0.027500
leaf 0.396250 0.511250 0.047500 0.044167
leaf 0.402500 0.597083 0.052500 0.037500
leaf 0.110000 0.768750 0.067500 0.049167
leaf 0.488750 0.782500 0.042500 0.035000
leaf 0.489375 0.693750 0.056250 0.032500
leaf 0.447500 0.717917 0.062500 0.047500
leaf 0.589375 0.566250 0.046250 0.044167
leaf 0.715000 0.555833 0.045000 0.023333
leaf 0.715625 0.514583 0.036250 0.037500
leaf 0.781250 0.514167 0.067500 0.026667
leaf 0.860625 0.496250 0.046250 0.017500
stem 0.126875 0.195000 0.096250 0.156667
stem 0.390625 0.549583 0.028750 0.025833
stem 0.503125 0.635833 0.191250 0.088333
stem 0.446875 0.811250 0.048750 0.134167
stem 0.930000 0.504583 0.087500 0.017500
