flower 0.646250 0.147917 0.062500 0.059167
flower 0.475625 0.531250 0.036250 0.025833
leaf 0.669375 0.077500 0.103750 0.076667
leaf 0.432500 0.112917 0.160000 0.080833
leaf 0.078750 0.217917 0.155000 0.069167
leaf 0.210000 0.268333 0.197500 0.100000
leaf 0.278750 0.361250 0.132500 0.112500
leaf 0.146250 0.479167 0.190000 0.108333
leaf 0.296250 0.533333 0.087500 0.066667
leaf 0.449375 0.455417 0.141250 0.114167
leaf 0.366875 0.493333 0.121250 0.063333
leaf 0.416250 0.563750 0.107500 0.092500
leaf 0.490000 0.600000 0.125000 0.086667
leaf 0.126250 0.691250 0.092500 0.060833
leaf 0.615625 0.587500 0.108750 0.095000
leaf 0.606875 0.651250 0.051250 0.044167
leaf 0.617500 0.702917 0.117500 0.072500
leaf 0.736250 0.743333 0.130000 0.100000
leaf 0.619375 0.776667 0.108750 0.081667
leaf 0.511250 0.322083 0.125000 0.072500
leaf 0.720625 0.331667 0.133750 0.105000
leaf 0.611875 0.203750 0.056250 0.039167
leaf 0.845000 0.220833 0.057500 0.050000
flower 0.920000 0.141250 0.077500 0.057500
leaf 0.880000 0.121250 0.042500 0.035833
leaf 0.877500 0.067500 0.132500 0.090000
stem 0.555625 0.167917 0.093750 0.054167
stem 0.871875 0.177083 0.016250 0.057500
stem 0.621875 0.108333 0.026250 0.030000
stem 0.586875 0.287500 0.048750 0.121667
stem 0.836875 0.324167 0.083750 0.161667
stem 0.876875 0.505000 0.061250 0.223333
stem 0.863125 0.745417 0.121250 0.109167
stem 0.713125 0.680833 0.078750 0.026667
stem 0.665000 0.452917 0.047500 0.179167
stem 0.635000 0.329167 0.030000 0.068333
stem 0.407500 0.350417 0.075000 0.102500
stem 0.342500 0.436250 0.072500 0.064167
stem 0.287500 0.457917 0.040000 0.085833
stem 0.152500 0.565000 0.055000 0.061667
stem 0.346250 0.758750 0.422500 0.234167
stem 0.326250 0.606250 0.077500 0.074167
