flower 0.514375 0.193750 0.066250 0.040833
flower 0.525000 0.164167 0.025000 0.021667
flower 0.554375 0.240833 0.058750 0.025000
flower 0.518125 0.358333 0.056250 0.035000
flower 0.577500 0.388750 0.052500 0.034167
flower 0.561250 0.420417 0.062500 0.035833
flower 0.766250 0.517083 0.042500 0.025833
flower 0.748750 0.485417 0.047500 0.032500
flower 0.665000 0.485417 0.055000 0.032500
leaf 0.540625 0.094583 0.183750 0.155833
leaf 0.324375 0.183750 0.311250 0.159167
leaf 0.429375 0.297917 0.156250 0.122500
leaf 0.411875 0.458750 0.398750 0.207500
leaf 0.451250 0.610833 0.317500 0.205000
stem 0.540625 0.210000 0.026250 0.033333
stem 0.507500 0.239583 0.047500 0.032500
stem 0.558125 0.297083 0.103750 0.082500
stem 0.612500 0.411667 0.040000 0.156667
stem 0.646875 0.677917 0.161250 0.299167
