flower 0.541250 0.753750 0.035000 0.015833
flower 0.563125 0.740000 0.016250 0.013333
flower 0.879375 0.572500 0.018750 0.013333
flower 0.843750 0.572917 0.037500 0.027500
flower 0.896875 0.542917 0.031250 0.017500
flower 0.880000 0.492500 0.030000 0.031667
flower 0.659375 0.410417 0.038750 0.015833
flower 0.342500 0.383333 0.035000 0.013333
flower 0.337500 0.350833 0.040000 0.048333
flower 0.267500 0.335000 0.025000 0.016667
leaf 0.124375 0.448750 0.103750 0.214167
leaf 0.170625 0.181667 0.223750 0.201667
leaf 0.378125 0.174583 0.178750 0.207500
leaf 0.578750 0.225833 0.130000 0.175000
leaf 0.588125 0.358333 0.068750 0.081667
leaf 0.766250 0.250417 0.302500 0.284167
leaf 0.774375 0.432500 0.181250 0.071667
leaf 0.676250 0.534583 0.122500 0.169167
leaf 0.488125 0.602083 0.173750 0.165833
leaf 0.336250 0.698750 0.237500 0.174167
leaf 0.548125 0.731250 0.138750 0.100833
leaf 0.703750 0.694583 0.177500 0.110833
stem 0.330625 0.449583 0.053750 0.117500
stem 0.328125 0.311250 0.033750 0.037500
stem 0.283125 0.312917 0.016250 0.064167
stem 0.229375 0.308750 0.046250 0.044167
stem 0.591875 0.458333 0.051250 0.100000
stem 0.541875 0.344583 0.026250 0.037500
stem 0.863125 0.418750 0.051250 0.055833
stem 0.826250 0.600833 0.040000 0.028333
stem 0.605625 0.650000 0.033750 0.058333
stem 0.171875 0.596667 0.043750 0.078333
stem 0.496875 0.840417 0.126250 0.137500
