fruit 0.258125 0.118750 0.046250 0.032500
fruit 0.308125 0.166250 0.058750 0.029167
fruit 0.398125 0.551250 0.056250 0.040833
leaf 0.389375 0.319583 0.093750 0.114167
leaf 0.584375 0.285417 0.191250 0.119167
leaf 0.671250 0.144167 0.160000 0.148333
leaf 0.786250 0.120833 0.067500 0.131667
leaf 0.189375 0.225833 0.081250 0.083333
leaf 0.289375 0.199583 0.153750 0.064167
leaf 0.286250 0.151667 0.077500 0.025000
leaf 0.208750 0.141667 0.080000 0.083333
leaf 0.716250 0.666250 0.175000 0.104167
leaf 0.569375 0.738333 0.076250 0.103333
leaf 0.866250 0.671250 0.117500 0.087500
leaf 0.890000 0.576250 0.135000 0.120833
leaf 0.724375 0.534583 0.186250 0.159167
leaf 0.611250 0.592083 0.107500 0.170833
stem 0.819375 0.311250 0.123750 0.224167
stem 0.476875 0.343333 0.071250 0.063333
stem 0.161250 0.432083 0.107500 0.322500
stem 0.314375 0.450833 0.176250 0.121667
stem 0.792500 0.702500 0.045000 0.045000
stem 0.696250 0.791667 0.160000 0.140000
stem 0.430000 0.542083 0.285000 0.177500
stem 0.487500 0.685000 0.162500 0.111667
