flower 0.313750 0.067083 0.067500 0.020833
flower 0.237500 0.066667 0.025000 0.015000
flower 0.306250 0.183333 0.027500 0.016667
flower 0.301875 0.107083 0.033750 0.027500
flower 0.349375 0.172500 0.036250 0.021667
flower 0.342500 0.152083 0.020000 0.017500
flower 0.415625 0.106667 0.026250 0.016667
flower 0.393750 0.123333 0.020000 0.015000
flower 0.371250 0.135833 0.027500 0.015000
flower 0.410000 0.157500 0.037500 0.023333
flower 0.381875 0.168333 0.026250 0.025000
flower 0.527500 0.146250 0.037500 0.022500
flower 0.613125 0.210000 0.021250 0.013333
flower 0.553750 0.207083 0.030000 0.017500
flower 0.559375 0.179583 0.031250 0.020833
flower 0.703750 0.124583 0.030000 0.017500
flower 0.730625 0.139167 0.028750 0.021667
flower 0.768750 0.183333 0.030000 0.020000
flower 0.742500 0.180000 0.032500 0.023333
flower 0.445625 0.293333 0.026250 0.015000
flower 0.493125 0.260417 0.033750 0.017500
flower 0.465625 0.257083 0.026250 0.030833
flower 0.702500 0.354167 0.020000 0.011667
flower 0.648750 0.357500 0.017500 0.018333
flower 0.616250 0.362500 0.017500 0.011667
flower 0.546875 0.377083 0.021250 0.009167
flower 0.621250 0.462917 0.010000 0.007500
flower 0.561875 0.456667 0.016250 0.011667
flower 0.539375 0.425000 0.013750 0.013333
flower 0.503750 0.499583 0.017500 0.009167
flower 0.493750 0.432500 0.025000 0.021667
flower 0.383750 0.412083 0.022500 0.009167
flower 0.336250 0.380417 0.020000 0.012500
flower 0.288125 0.381250 0.018750 0.010833
flower 0.369375 0.449167 0.028750 0.015000
flower 0.292500 0.409583 0.015000 0.012500
flower 0.269375 0.442083 0.016250 0.009167
leaf 0.582500 0.304583 0.017500 0.014167
leaf 0.363750 0.323750 0.047500 0.019167
leaf 0.626875 0.430417 0.018750 0.012500
leaf 0.573750 0.671250 0.037500 0.040833
leaf 0.508750 0.575000 0.052500 0.016667
leaf 0.394375 0.578333 0.113750 0.066667
leaf 0.480000 0.632083 0.125000 0.085833
leaf 0.558125 0.584167 0.033750 0.021667
flower 0.281875 0.143750 0.013750 0.029167
stem 0.261875 0.103333 0.041250 0.055000
stem 0.302500 0.085833 0.052500 0.016667
stem 0.285625 0.185000 0.016250 0.050000
stem 0.355000 0.245833 0.152500 0.103333
stem 0.461250 0.204583 0.142500 0.064167
stem 0.703125 0.175000 0.031250 0.083333
stem 0.682500 0.231667 0.115000 0.090000
stem 0.558750 0.259167 0.097500 0.071667
stem 0.433750 0.423333 0.087500 0.248333
stem 0.329375 0.413750 0.056250 0.050833
stem 0.316250 0.432500 0.072500 0.021667
stem 0.640625 0.395000 0.108750 0.056667
stem 0.586250 0.440000 0.032500 0.251667
stem 0.515625 0.468333 0.041250 0.046667
stem 0.583750 0.622917 0.022500 0.055833
stem 0.525625 0.787083 0.126250 0.195833
stem 0.536250 0.536250 0.160000 0.059167
stem 0.628750 0.450833 0.012500 0.015000
