flower 0.382500 0.049167 0.075000 0.058333
flower 0.363750 0.093750 0.077500 0.039167
flower 0.364375 0.119583 0.068750 0.034167
flower 0.345625 0.150417 0.081250 0.042500
flower 0.338750 0.183333 0.067500 0.046667
flower 0.324375 0.211667 0.068750 0.041667
flower 0.311250 0.245000 0.070000 0.030000
flower 0.324375 0.270833 0.041250 0.026667
flower 0.280625 0.271250 0.043750 0.030833
flower 0.318750 0.291250 0.042500 0.022500
flower 0.274375 0.302500 0.038750 0.041667
flower 0.310000 0.337500 0.052500 0.021667
flower 0.255000 0.343750 0.045000 0.032500
flower 0.297500 0.372500 0.052500 0.020000
flower 0.245000 0.397083 0.047500 0.042500
flower 0.270625 0.461250 0.041250 0.025833
flower 0.225000 0.439583 0.045000 0.027500
flower 0.230625 0.473333 0.033750 0.040000
flower 0.213125 0.497500 0.051250 0.031667
flower 0.263125 0.525833 0.043750 0.021667
flower 0.208125 0.546667 0.033750 0.046667
flower 0.198750 0.612500 0.025000 0.028333
leaf 0.795000 0.126667 0.035000 0.043333
leaf 0.508125 0.358333 0.248750 0.130000
leaf 0.393750 0.421667 0.265000 0.073333
leaf 0.208125 0.552083 0.383750 0.065833
leaf 0.155000 0.658333 0.267500 0.046667
leaf 0.199375 0.755833 0.033750 0.061667
leaf 0.323750 0.690417 0.102500 0.237500
leaf 0.606875 0.520000 0.306250 0.313333
stem 0.755000 0.272917 0.177500 0.344167
stem 0.497500 0.443333 0.035000 0.028333
stem 0.440625 0.497500 0.041250 0.030000
stem 0.384375 0.550833 0.036250 0.036667
stem 0.313125 0.618333 0.031250 0.030000
stem 0.208750 0.705000 0.067500 0.043333
root 0.554375 0.733750 0.278750 0.174167
