flower 0.876250 0.070000 0.097500 0.038333
flower 0.335000 0.227917 0.065000 0.057500
flower 0.181250 0.282917 0.062500 0.044167
flower 0.106875 0.338750 0.106250 0.080833
flower 0.087500 0.462917 0.100000 0.059167
flower 0.637500 0.483750 0.067500 0.045833
flower 0.785000 0.500833 0.162500 0.035000
flower 0.766250 0.467083 0.042500 0.027500
flower 0.802500 0.567917 0.085000 0.057500
flower 0.493750 0.743333 0.062500 0.080000
flower 0.837500 0.708333 0.060000 0.046667
flower 0.638125 0.712917 0.056250 0.027500
flower 0.333125 0.608750 0.138750 0.087500
flower 0.132500 0.591250 0.035000 0.035833
flower 0.190625 0.590833 0.051250 0.035000
flower 0.190000 0.634583 0.105000 0.044167
leaf 0.830625 0.146667 0.151250 0.096667
leaf 0.596875 0.220000 0.178750 0.135000
leaf 0.113750 0.398333 0.075000 0.096667
leaf 0.182500 0.377500 0.102500 0.091667
leaf 0.661250 0.144167 0.087500 0.060000
leaf 0.322500 0.291250 0.102500 0.082500
leaf 0.286875 0.472500 0.071250 0.100000
leaf 0.403125 0.435000 0.088750 0.075000
leaf 0.311875 0.365000 0.246250 0.103333
leaf 0.158750 0.565417 0.047500 0.075833
leaf 0.411250 0.609167 0.170000 0.075000
leaf 0.709375 0.572083 0.156250 0.082500
leaf 0.686875 0.640417 0.176250 0.067500
leaf 0.574375 0.711667 0.061250 0.030000
leaf 0.385625 0.745417 0.178750 0.109167
stem 0.561250 0.356250 0.260000 0.140833
leaf 0.578750 0.333750 0.062500 0.029167
stem 0.577500 0.766250 0.090000 0.079167
stem 0.237500 0.703750 0.132500 0.080833
flower 0.944375 0.071667 0.046250 0.038333
flower 0.885000 0.030833 0.052500 0.038333
leaf 0.559375 0.839167 0.086250 0.061667
leaf 0.488125 0.877083 0.058750 0.050833
leaf 0.458750 0.835833 0.057500 0.028333
stem 0.536875 0.908750 0.038750 0.082500
stem 0.656250 0.869583 0.097500 0.070833
stem 0.580000 0.911250 0.105000 0.074167
stem 0.451875 0.201250 0.168750 0.025833
