flower 0.558750 0.122083 0.040000 0.020833
flower 0.525625 0.143750 0.023750 0.019167
flower 0.505625 0.485833 0.031250 0.020000
leaf 0.541250 0.776250 0.100000 0.154167
leaf 0.451250 0.749167 0.082500 0.191667
leaf 0.350000 0.776250 0.137500 0.044167
leaf 0.331875 0.718333 0.183750 0.080000
leaf 0.348125 0.643750 0.086250 0.067500
leaf 0.258750 0.655417 0.100000 0.045833
leaf 0.726250 0.550833 0.032500 0.028333
leaf 0.713125 0.515000 0.021250 0.023333
flower 0.525000 0.456667 0.025000 0.018333
leaf 0.498125 0.445000 0.016250 0.036667
leaf 0.514375 0.431667 0.028750 0.040000
leaf 0.486875 0.412500 0.011250 0.028333
flower 0.486875 0.383333 0.013750 0.013333
flower 0.436250 0.327917 0.022500 0.019167
flower 0.538750 0.173750 0.012500 0.019167
leaf 0.666250 0.383750 0.012500 0.034167
leaf 0.627500 0.362500 0.037500 0.023333
leaf 0.575625 0.290833 0.041250 0.021667
leaf 0.404375 0.227083 0.031250 0.012500
leaf 0.305625 0.125417 0.028750 0.020833
leaf 0.530625 0.230417 0.033750 0.035833
leaf 0.549375 0.184167 0.021250 0.021667
leaf 0.525000 0.181250 0.022500 0.019167
stem 0.221875 0.341667 0.143750 0.580000
stem 0.338125 0.182917 0.088750 0.087500
stem 0.414375 0.274167 0.051250 0.078333
stem 0.617500 0.329167 0.045000 0.041667
stem 0.559375 0.261667 0.031250 0.030000
stem 0.698125 0.452917 0.053750 0.102500
stem 0.778125 0.695000 0.081250 0.248333
