flower 0.401875 0.150833 0.031250 0.023333
flower 0.444375 0.157083 0.038750 0.025833
flower 0.385000 0.294583 0.042500 0.030833
flower 0.515000 0.253750 0.062500 0.030833
flower 0.678125 0.237917 0.046250 0.025833
flower 0.700000 0.258333 0.042500 0.023333
flower 0.770000 0.233333 0.050000 0.040000
leaf 0.402500 0.200000 0.072500 0.020000
leaf 0.373750 0.339583 0.107500 0.057500
leaf 0.301250 0.464583 0.102500 0.067500
leaf 0.534375 0.519583 0.051250 0.019167
leaf 0.511250 0.446667 0.057500 0.033333
leaf 0.480625 0.314583 0.048750 0.010833
leaf 0.518750 0.297500 0.027500 0.018333
leaf 0.710000 0.300417 0.027500 0.042500
leaf 0.681250 0.553333 0.077500 0.085000
leaf 0.752500 0.497083 0.107500 0.037500
leaf 0.870000 0.470000 0.075000 0.038333
leaf 0.828750 0.388333 0.057500 0.043333
leaf 0.832500 0.241250 0.025000 0.025833
stem 0.353750 0.267083 0.025000 0.090833
stem 0.520000 0.281667 0.020000 0.020000
stem 0.324375 0.416250 0.016250 0.084167
stem 0.537500 0.380000 0.025000 0.126667
stem 0.720625 0.406667 0.026250 0.161667
stem 0.861875 0.330417 0.031250 0.120833
stem 0.837500 0.434167 0.015000 0.051667
stem 0.525625 0.492083 0.013750 0.039167
stem 0.347500 0.565000 0.025000 0.130000
stem 0.518750 0.583333 0.017500 0.100000
stem 0.833125 0.550000 0.031250 0.125000
root 0.391875 0.666250 0.131250 0.044167
root 0.581875 0.696250 0.188750 0.107500
