fruit 0.505625 0.191667 0.046250 0.030000
fruit 0.625000 0.317917 0.030000 0.020833
fruit 0.651875 0.344167 0.033750 0.021667
leaf 0.450000 0.102500 0.100000 0.078333
leaf 0.598750 0.125833 0.152500 0.050000
leaf 0.375625 0.162500 0.196250 0.088333
leaf 0.380000 0.240833 0.147500 0.058333
leaf 0.552500 0.241250 0.100000 0.060833
leaf 0.638750 0.182500 0.065000 0.036667
leaf 0.571875 0.190000 0.076250 0.060000
leaf 0.723125 0.269167 0.193750 0.138333
leaf 0.603125 0.303333 0.028750 0.038333
leaf 0.368125 0.517917 0.093750 0.119167
leaf 0.258125 0.519583 0.141250 0.142500
leaf 0.605000 0.491667 0.060000 0.066667
leaf 0.656250 0.522917 0.100000 0.035833
leaf 0.665625 0.575417 0.158750 0.057500
leaf 0.534375 0.574167 0.063750 0.078333
flower 0.588750 0.557500 0.025000 0.026667
flower 0.317500 0.574583 0.050000 0.057500
stem 0.501875 0.159167 0.018750 0.038333
stem 0.478125 0.244583 0.028750 0.065833
stem 0.504375 0.398333 0.101250 0.238333
stem 0.582500 0.361250 0.057500 0.034167
stem 0.442500 0.699167 0.207500 0.171667
