fruit 0.223750 0.498750 0.102500 0.155833
fruit 0.294375 0.508750 0.078750 0.094167
fruit 0.785000 0.432500 0.137500 0.088333
leaf 0.671875 0.662083 0.098750 0.120833
leaf 0.855625 0.500833 0.188750 0.091667
leaf 0.621250 0.453333 0.120000 0.140000
leaf 0.795000 0.243750 0.242500 0.225833
leaf 0.518750 0.142500 0.157500 0.271667
leaf 0.336250 0.158750 0.195000 0.225833
stem 0.631250 0.662500 0.047500 0.118333
stem 0.378750 0.618750 0.367500 0.074167
stem 0.560000 0.517500 0.075000 0.065000
stem 0.654375 0.542917 0.033750 0.110833
stem 0.668750 0.400000 0.022500 0.175000
stem 0.695000 0.363333 0.032500 0.048333
stem 0.608125 0.309583 0.103750 0.057500
stem 0.507500 0.274167 0.087500 0.028333
leaf 0.666250 0.554167 0.167500 0.100000
leaf 0.516875 0.402083 0.086250 0.145833
leaf 0.381875 0.405417 0.166250 0.134167
leaf 0.279375 0.352500 0.141250 0.096667
leaf 0.520000 0.305000 0.115000 0.048333
leaf 0.380625 0.306250 0.166250 0.062500
