flower 0.199375 0.305417 0.061250 0.072500
flower 0.248750 0.277917 0.060000 0.027500
flower 0.245000 0.244583 0.050000 0.030833
fruit 0.295000 0.702917 0.075000 0.052500
fruit 0.355625 0.719583 0.053750 0.035833
fruit 0.391250 0.581667 0.067500 0.040000
fruit 0.333750 0.543750 0.075000 0.055833
fruit 0.397500 0.546667 0.070000 0.040000
fruit 0.278125 0.476250 0.053750 0.060833
fruit 0.345000 0.495417 0.082500 0.037500
fruit 0.334375 0.450417 0.066250 0.055833
fruit 0.426250 0.416250 0.067500 0.040833
fruit 0.356250 0.400833 0.060000 0.035000
fruit 0.391875 0.359167 0.111250 0.075000
leaf 0.796875 0.289167 0.163750 0.295000
leaf 0.750625 0.491250 0.058750 0.074167
leaf 0.600625 0.388333 0.183750 0.176667
leaf 0.501875 0.185417 0.418750 0.260833
stem 0.433125 0.163333 0.108750 0.051667
stem 0.595000 0.100000 0.085000 0.051667
stem 0.701250 0.535833 0.050000 0.110000
root 0.666875 0.698333 0.286250 0.196667
stem 0.326250 0.639167 0.025000 0.125000
stem 0.327500 0.762917 0.017500 0.047500
