flower 0.497500 0.220000 0.017500 0.013333
flower 0.445625 0.204167 0.026250 0.011667
flower 0.487500 0.192500 0.035000 0.011667
flower 0.508750 0.177917 0.020000 0.010833
flower 0.563125 0.154167 0.016250 0.011667
flower 0.378750 0.354167 0.027500 0.013333
flower 0.503125 0.392083 0.013750 0.012500
flower 0.553750 0.422917 0.020000 0.017500
flower 0.601250 0.408333 0.032500 0.010000
flower 0.559375 0.397083 0.016250 0.009167
flower 0.481875 0.427500 0.018750 0.011667
flower 0.836250 0.519583 0.015000 0.014167
flower 0.816875 0.529167 0.013750 0.011667
flower 0.795000 0.525833 0.015000 0.010000
flower 0.678750 0.653750 0.020000 0.020833
flower 0.661875 0.693333 0.021250 0.010000
flower 0.744375 0.719583 0.026250 0.024167
flower 0.741250 0.789167 0.020000 0.015000
flower 0.771250 0.767917 0.017500 0.012500
leaf 0.625000 0.173750 0.055000 0.040833
leaf 0.510000 0.130833 0.115000 0.148333
leaf 0.543750 0.265417 0.162500 0.082500
leaf 0.362500 0.187917 0.140000 0.069167
leaf 0.380000 0.236250 0.047500 0.025833
leaf 0.276875 0.210417 0.156250 0.150833
leaf 0.370625 0.316250 0.031250 0.039167
leaf 0.308125 0.323750 0.033750 0.019167
leaf 0.413750 0.387500 0.237500 0.078333
leaf 0.605625 0.412083 0.068750 0.047500
leaf 0.437500 0.468333 0.112500 0.066667
leaf 0.339375 0.502917 0.151250 0.119167
leaf 0.517500 0.550417 0.135000 0.062500
leaf 0.671875 0.536667 0.146250 0.173333
leaf 0.832500 0.533750 0.190000 0.124167
leaf 0.796875 0.692917 0.211250 0.090833
leaf 0.598125 0.691250 0.128750 0.145833
leaf 0.774375 0.754583 0.028750 0.020833
leaf 0.812500 0.822500 0.120000 0.100000
stem 0.435000 0.241250 0.055000 0.044167
stem 0.387500 0.272500 0.047500 0.038333
stem 0.316875 0.431250 0.141250 0.015833
stem 0.224375 0.462083 0.083750 0.149167
stem 0.414375 0.582083 0.061250 0.020833
stem 0.550000 0.598333 0.217500 0.036667
