leaf 0.242500 0.277917 0.047500 0.032500
leaf 0.153750 0.269167 0.077500 0.030000
leaf 0.303125 0.249583 0.086250 0.052500
leaf 0.385625 0.231250 0.021250 0.015833
leaf 0.364375 0.220000 0.031250 0.016667
leaf 0.498125 0.206250 0.031250 0.019167
leaf 0.597500 0.168750 0.042500 0.020833
leaf 0.570625 0.131667 0.088750 0.056667
leaf 0.738750 0.115417 0.040000 0.032500
leaf 0.666250 0.125833 0.125000 0.086667
leaf 0.804375 0.185417 0.128750 0.069167
leaf 0.737500 0.209583 0.032500 0.015833
leaf 0.752500 0.241250 0.020000 0.014167
leaf 0.731250 0.257500 0.030000 0.015000
leaf 0.578750 0.268333 0.032500 0.016667
leaf 0.614375 0.273333 0.031250 0.018333
leaf 0.653750 0.263750 0.060000 0.047500
leaf 0.641250 0.215417 0.077500 0.047500
leaf 0.582500 0.206250 0.035000 0.022500
leaf 0.592500 0.231667 0.035000 0.033333
leaf 0.700625 0.347083 0.036250 0.029167
leaf 0.735625 0.718333 0.111250 0.058333
leaf 0.726875 0.673750 0.083750 0.050833
leaf 0.803750 0.680833 0.067500 0.055000
leaf 0.787500 0.650000 0.022500 0.016667
leaf 0.795000 0.599167 0.030000 0.015000
leaf 0.715625 0.579167 0.031250 0.020000
leaf 0.696250 0.559583 0.057500 0.029167
leaf 0.736250 0.561667 0.027500 0.020000
leaf 0.636875 0.562917 0.046250 0.020833
leaf 0.606250 0.564583 0.022500 0.017500
leaf 0.602500 0.543750 0.052500 0.029167
leaf 0.553750 0.551250 0.042500 0.025833
leaf 0.506250 0.566667 0.042500 0.025000
leaf 0.500000 0.544583 0.065000 0.024167
leaf 0.559375 0.504167 0.038750 0.041667
leaf 0.606250 0.472917 0.025000 0.017500
leaf 0.471875 0.453333 0.026250 0.021667
leaf 0.446875 0.455000 0.021250 0.021667
leaf 0.356250 0.517917 0.030000 0.017500
leaf 0.330000 0.498750 0.025000 0.024167
leaf 0.381250 0.475000 0.025000 0.023333
leaf 0.285625 0.354167 0.023750 0.018333
leaf 0.318125 0.394167 0.041250 0.023333
stem 0.248125 0.248750 0.028750 0.015833
stem 0.545625 0.196250 0.043750 0.029167
stem 0.697500 0.207500 0.032500 0.008333
stem 0.746875 0.150417 0.023750 0.032500
stem 0.749375 0.225000 0.038750 0.013333
stem 0.444375 0.226667 0.093750 0.025000
stem 0.713125 0.299583 0.053750 0.067500
stem 0.458750 0.342083 0.235000 0.207500
stem 0.225625 0.413333 0.136250 0.100000
stem 0.329375 0.444167 0.078750 0.065000
stem 0.511875 0.492917 0.048750 0.009167
stem 0.646875 0.503333 0.121250 0.068333
stem 0.780000 0.579167 0.065000 0.021667
stem 0.794375 0.624583 0.046250 0.032500
leaf 0.195625 0.296250 0.066250 0.045833
leaf 0.476250 0.505833 0.045000 0.031667
stem 0.681875 0.409583 0.198750 0.094167
stem 0.768750 0.309167 0.025000 0.108333
