flower 0.780000 0.570000 0.035000 0.023333
flower 0.795625 0.539583 0.031250 0.022500
flower 0.858125 0.564583 0.028750 0.024167
flower 0.906875 0.553333 0.028750 0.020000
flower 0.748750 0.486250 0.037500 0.025833
flower 0.210625 0.468333 0.043750 0.018333
flower 0.550000 0.303333 0.022500 0.018333
flower 0.601250 0.255417 0.025000 0.014167
leaf 0.727500 0.195000 0.207500 0.130000
leaf 0.585625 0.227083 0.113750 0.135833
leaf 0.490000 0.249167 0.085000 0.085000
leaf 0.181250 0.254167 0.052500 0.060000
leaf 0.248750 0.305417 0.070000 0.044167
leaf 0.357500 0.398333 0.190000 0.156667
leaf 0.130000 0.402500 0.155000 0.163333
leaf 0.216250 0.488750 0.047500 0.027500
leaf 0.407500 0.520833 0.290000 0.125000
leaf 0.152500 0.600000 0.170000 0.186667
leaf 0.317500 0.657083 0.157500 0.155833
leaf 0.403125 0.724583 0.246250 0.090833
leaf 0.820000 0.630833 0.207500 0.063333
leaf 0.873125 0.543750 0.086250 0.042500
leaf 0.720000 0.564167 0.105000 0.093333
leaf 0.606875 0.475833 0.133750 0.156667
stem 0.225000 0.195000 0.045000 0.146667
stem 0.200625 0.315000 0.016250 0.036667
stem 0.201875 0.450000 0.033750 0.038333
stem 0.545625 0.427917 0.041250 0.249167
stem 0.593125 0.585000 0.073750 0.060000
stem 0.444375 0.614167 0.108750 0.055000
stem 0.207500 0.723333 0.067500 0.070000
stem 0.562500 0.663333 0.205000 0.056667
stem 0.735625 0.468333 0.038750 0.036667
stem 0.773750 0.426667 0.047500 0.033333
leaf 0.895000 0.591667 0.112500 0.045000
leaf 0.815625 0.489583 0.166250 0.090833
