flower 0.708125 0.100833 0.028750 0.021667
flower 0.773125 0.301250 0.016250 0.024167
flower 0.915000 0.478333 0.020000 0.026667
flower 0.456250 0.394583 0.090000 0.055833
flower 0.355625 0.470833 0.043750 0.028333
flower 0.331875 0.653750 0.088750 0.055833
leaf 0.626250 0.191667 0.117500 0.070000
leaf 0.645000 0.112917 0.097500 0.062500
leaf 0.755000 0.084583 0.135000 0.067500
leaf 0.841875 0.159583 0.121250 0.077500
leaf 0.844375 0.223333 0.141250 0.070000
leaf 0.845000 0.287917 0.137500 0.089167
leaf 0.726250 0.307083 0.062500 0.050833
leaf 0.815000 0.387500 0.100000 0.058333
leaf 0.883125 0.454583 0.078750 0.039167
leaf 0.864375 0.533333 0.056250 0.050000
leaf 0.731875 0.492083 0.166250 0.069167
leaf 0.728125 0.432917 0.138750 0.052500
leaf 0.715625 0.397917 0.098750 0.050833
leaf 0.640625 0.368750 0.038750 0.022500
leaf 0.601875 0.463333 0.091250 0.110000
leaf 0.542500 0.664167 0.087500 0.053333
leaf 0.365625 0.711667 0.063750 0.041667
leaf 0.280625 0.710000 0.098750 0.076667
leaf 0.161250 0.645417 0.082500 0.057500
leaf 0.370625 0.617083 0.078750 0.039167
leaf 0.403750 0.567083 0.132500 0.069167
leaf 0.273750 0.494167 0.077500 0.058333
leaf 0.511250 0.517083 0.087500 0.060833
leaf 0.389375 0.489583 0.146250 0.077500
leaf 0.320625 0.432083 0.088750 0.070833
leaf 0.401875 0.420000 0.076250 0.065000
leaf 0.482500 0.457917 0.070000 0.045833
leaf 0.537500 0.414167 0.087500 0.055000
leaf 0.561250 0.359583 0.087500 0.045833
leaf 0.535625 0.301250 0.131250 0.087500
leaf 0.455625 0.316250 0.138750 0.105833
leaf 0.351250 0.357917 0.092500 0.057500
leaf 0.238750 0.307917 0.147500 0.104167
leaf 0.139375 0.267500 0.078750 0.078333
leaf 0.238125 0.225000 0.141250 0.076667
leaf 0.240625 0.144583 0.116250 0.082500
leaf 0.131875 0.143750 0.111250 0.057500
leaf 0.228750 0.075417 0.097500 0.049167
leaf 0.092500 0.107083 0.087500 0.055833
leaf 0.090000 0.053750 0.082500 0.057500
stem 0.170000 0.087917 0.070000 0.049167
stem 0.737500 0.188333 0.082500 0.151667
stem 0.344375 0.214167 0.091250 0.106667
stem 0.355000 0.298333 0.057500 0.021667
stem 0.622500 0.328333 0.057500 0.033333
stem 0.757500 0.347500 0.040000 0.041667
stem 0.798750 0.540000 0.067500 0.033333
stem 0.608125 0.537500 0.093750 0.045000
stem 0.529375 0.567917 0.108750 0.047500
leaf 0.507500 0.609167 0.057500 0.036667
stem 0.450625 0.691667 0.101250 0.153333
stem 0.136875 0.547500 0.108750 0.081667
stem 0.240000 0.623750 0.082500 0.064167
stem 0.680625 0.326667 0.036250 0.130000
stem 0.590625 0.829167 0.083750 0.220000
