flower 0.661875 0.164167 0.151250 0.131667
flower 0.758125 0.275417 0.148750 0.094167
flower 0.736250 0.054167 0.100000 0.063333
flower 0.786875 0.164583 0.098750 0.075833
flower 0.809375 0.357500 0.191250 0.126667
stem 0.890000 0.433333 0.035000 0.100000
stem 0.893125 0.541250 0.028750 0.079167
stem 0.852500 0.752917 0.095000 0.212500
leaf 0.577500 0.513750 0.277500 0.445833
leaf 0.270625 0.203750 0.278750 0.370833
leaf 0.410000 0.498750 0.070000 0.230833
leaf 0.374375 0.670000 0.106250 0.116667
leaf 0.201250 0.672500 0.112500 0.116667
leaf 0.880625 0.599167 0.068750 0.095000
leaf 0.845000 0.084167 0.050000 0.065000
leaf 0.511250 0.171667 0.195000 0.235000
