flower 0.320625 0.197917 0.026250 0.017500
flower 0.332500 0.171250 0.020000 0.014167
flower 0.349375 0.252083 0.028750 0.019167
flower 0.397500 0.262500 0.035000 0.021667
flower 0.725625 0.283333 0.016250 0.020000
flower 0.695625 0.271250 0.036250 0.014167
flower 0.188750 0.622083 0.032500 0.022500
flower 0.220625 0.642500 0.063750 0.018333
flower 0.218750 0.662500 0.030000 0.011667
flower 0.488750 0.626667 0.040000 0.040000
flower 0.546875 0.650417 0.028750 0.024167
flower 0.596875 0.687083 0.033750 0.027500
leaf 0.420000 0.117083 0.170000 0.129167
leaf 0.276875 0.119583 0.118750 0.122500
leaf 0.235625 0.215417 0.118750 0.062500
leaf 0.237500 0.260000 0.105000 0.051667
leaf 0.333750 0.262083 0.095000 0.062500
leaf 0.266875 0.320833 0.133750 0.058333
leaf 0.261250 0.337083 0.235000 0.104167
leaf 0.390625 0.382917 0.128750 0.099167
leaf 0.428750 0.545833 0.200000 0.145000
leaf 0.370000 0.653750 0.197500 0.079167
leaf 0.713125 0.637500 0.161250 0.168333
leaf 0.542500 0.697083 0.105000 0.062500
leaf 0.631250 0.711667 0.035000 0.033333
leaf 0.650625 0.746667 0.066250 0.040000
leaf 0.664375 0.790417 0.123750 0.064167
leaf 0.536250 0.797917 0.130000 0.127500
leaf 0.656250 0.400000 0.167500 0.110000
leaf 0.775000 0.345000 0.105000 0.103333
leaf 0.675000 0.320417 0.117500 0.080833
leaf 0.659375 0.223750 0.078750 0.080833
leaf 0.779375 0.217917 0.141250 0.117500
leaf 0.524375 0.332083 0.111250 0.122500
leaf 0.419375 0.264583 0.101250 0.062500
leaf 0.525625 0.215417 0.216250 0.122500
stem 0.368125 0.220000 0.083750 0.030000
stem 0.421875 0.310417 0.073750 0.049167
stem 0.454375 0.351250 0.033750 0.069167
stem 0.523125 0.424583 0.106250 0.067500
stem 0.606250 0.353333 0.027500 0.031667
stem 0.525000 0.739583 0.042500 0.017500
stem 0.613750 0.743333 0.020000 0.023333
stem 0.603125 0.464167 0.053750 0.026667
leaf 0.613125 0.647917 0.061250 0.050833
