flower 0.688750 0.643750 0.027500 0.015833
flower 0.782500 0.589167 0.037500 0.016667
flower 0.169375 0.575417 0.033750 0.022500
flower 0.465000 0.561667 0.022500 0.013333
flower 0.443750 0.553750 0.027500 0.014167
flower 0.348750 0.488750 0.027500 0.015833
flower 0.400625 0.483333 0.033750 0.020000
flower 0.428125 0.500417 0.026250 0.022500
flower 0.455000 0.526250 0.030000 0.015833
flower 0.455000 0.506667 0.047500 0.020000
flower 0.620625 0.165417 0.033750 0.015833
flower 0.596250 0.152917 0.042500 0.022500
flower 0.616250 0.147500 0.030000 0.008333
flower 0.650000 0.093750 0.010000 0.009167
flower 0.671875 0.122500 0.023750 0.018333
flower 0.747500 0.116667 0.015000 0.010000
flower 0.743750 0.130833 0.035000 0.015000
flower 0.727500 0.137917 0.037500 0.015833
leaf 0.575625 0.062917 0.093750 0.052500
leaf 0.683125 0.056667 0.086250 0.053333
leaf 0.728750 0.101667 0.097500 0.060000
leaf 0.787500 0.125417 0.085000 0.047500
leaf 0.773750 0.188333 0.097500 0.083333
leaf 0.668750 0.147083 0.072500 0.027500
leaf 0.608125 0.122917 0.088750 0.044167
leaf 0.548750 0.149583 0.082500 0.037500
leaf 0.598750 0.185000 0.065000 0.036667
leaf 0.662500 0.201250 0.085000 0.052500
leaf 0.596250 0.272917 0.087500 0.069167
leaf 0.536250 0.354167 0.080000 0.055000
leaf 0.705000 0.352917 0.060000 0.057500
leaf 0.785625 0.336667 0.076250 0.030000
leaf 0.863125 0.302500 0.106250 0.055000
leaf 0.743125 0.307083 0.093750 0.039167
leaf 0.325000 0.337500 0.090000 0.041667
leaf 0.255000 0.303750 0.080000 0.080833
leaf 0.205000 0.363333 0.097500 0.036667
leaf 0.806250 0.507500 0.107500 0.068333
leaf 0.709375 0.504167 0.083750 0.075000
leaf 0.838125 0.587500 0.096250 0.065000
leaf 0.703125 0.563750 0.083750 0.050833
leaf 0.653750 0.637917 0.077500 0.042500
leaf 0.365000 0.666667 0.070000 0.061667
leaf 0.265000 0.726250 0.085000 0.055833
leaf 0.131250 0.589583 0.102500 0.062500
leaf 0.591250 0.531250 0.087500 0.082500
leaf 0.159375 0.468750 0.076250 0.060833
leaf 0.238125 0.495000 0.048750 0.053333
leaf 0.385625 0.521250 0.073750 0.057500
leaf 0.226875 0.411667 0.086250 0.068333
leaf 0.310000 0.459583 0.095000 0.084167
stem 0.671250 0.169167 0.050000 0.020000
stem 0.716250 0.211667 0.025000 0.105000
stem 0.708750 0.273333 0.035000 0.050000
stem 0.564375 0.316667 0.063750 0.020000
stem 0.628125 0.345000 0.096250 0.053333
stem 0.755625 0.372083 0.051250 0.037500
stem 0.721250 0.398750 0.037500 0.050833
stem 0.749375 0.565000 0.013750 0.043333
stem 0.768125 0.685833 0.023750 0.056667
stem 0.332500 0.772500 0.055000 0.068333
stem 0.304375 0.672083 0.021250 0.057500
stem 0.275000 0.381250 0.022500 0.074167
leaf 0.756250 0.637500 0.082500 0.041667
leaf 0.714375 0.607500 0.118750 0.040000
leaf 0.243125 0.652917 0.088750 0.094167
leaf 0.250625 0.584167 0.116250 0.048333
leaf 0.201875 0.535000 0.116250 0.056667
leaf 0.323750 0.617083 0.065000 0.040833
leaf 0.406875 0.587917 0.106250 0.070833
leaf 0.328750 0.558333 0.060000 0.071667
leaf 0.418750 0.426667 0.142500 0.116667
leaf 0.505000 0.485833 0.127500 0.065000
leaf 0.512500 0.430417 0.065000 0.050833
leaf 0.513750 0.581667 0.097500 0.071667
leaf 0.481875 0.540000 0.073750 0.040000
