flower 0.230625 0.080000 0.083750 0.036667
flower 0.256875 0.050417 0.083750 0.042500
flower 0.376250 0.083333 0.042500 0.025000
flower 0.601875 0.068750 0.056250 0.034167
flower 0.546875 0.120417 0.048750 0.042500
flower 0.617500 0.117500 0.072500 0.038333
flower 0.577500 0.160833 0.022500 0.025000
flower 0.863750 0.168750 0.067500 0.054167
flower 0.758750 0.216250 0.027500 0.019167
flower 0.180625 0.260833 0.078750 0.046667
flower 0.501250 0.490833 0.050000 0.031667
flower 0.348750 0.590833 0.040000 0.031667
leaf 0.375625 0.138333 0.018750 0.030000
leaf 0.567500 0.185833 0.015000 0.011667
leaf 0.520625 0.263750 0.036250 0.024167
leaf 0.210000 0.337917 0.027500 0.035833
leaf 0.218750 0.448333 0.025000 0.033333
leaf 0.694375 0.387500 0.016250 0.018333
leaf 0.558750 0.498333 0.040000 0.033333
leaf 0.361250 0.642500 0.057500 0.028333
leaf 0.523750 0.690417 0.040000 0.024167
leaf 0.448750 0.716667 0.052500 0.046667
leaf 0.442500 0.775000 0.027500 0.031667
leaf 0.473750 0.800417 0.030000 0.070833
stem 0.318125 0.112500 0.091250 0.075000
stem 0.392500 0.112083 0.027500 0.040833
stem 0.450625 0.205000 0.133750 0.103333
stem 0.553750 0.240000 0.032500 0.103333
stem 0.814375 0.234167 0.071250 0.085000
stem 0.190000 0.315833 0.022500 0.071667
stem 0.210000 0.393333 0.017500 0.083333
stem 0.748125 0.331667 0.081250 0.110000
stem 0.530000 0.382917 0.030000 0.204167
stem 0.633750 0.443333 0.107500 0.090000
stem 0.466250 0.388750 0.090000 0.157500
stem 0.281250 0.531250 0.097500 0.135833
stem 0.514375 0.594583 0.056250 0.162500
stem 0.386250 0.620833 0.037500 0.028333
stem 0.430625 0.661667 0.096250 0.063333
stem 0.486875 0.731250 0.051250 0.060833
flower 0.570000 0.013333 0.040000 0.025000
leaf 0.391875 0.794167 0.071250 0.011667
leaf 0.495625 0.891250 0.101250 0.057500
stem 0.440000 0.845000 0.037500 0.100000
stem 0.420000 0.939583 0.047500 0.090833
