leaf 0.446875 0.273333 0.126250 0.103333
leaf 0.362500 0.312500 0.055000 0.021667
leaf 0.313750 0.257083 0.087500 0.117500
leaf 0.543125 0.178750 0.173750 0.104167
leaf 0.736875 0.195417 0.081250 0.162500
leaf 0.665625 0.159167 0.061250 0.166667
leaf 0.791875 0.405417 0.158750 0.142500
leaf 0.620625 0.402500 0.113750 0.161667
leaf 0.693125 0.442500 0.033750 0.055000
leaf 0.326875 0.457083 0.121250 0.135833
leaf 0.186250 0.447917 0.107500 0.140833
leaf 0.824375 0.662917 0.138750 0.134167
leaf 0.718750 0.642917 0.037500 0.144167
leaf 0.681250 0.725000 0.100000 0.023333
leaf 0.581250 0.557500 0.057500 0.118333
leaf 0.480625 0.541250 0.096250 0.157500
leaf 0.605000 0.629167 0.082500 0.026667
leaf 0.320000 0.678750 0.117500 0.155833
leaf 0.310625 0.735000 0.011250 0.023333
leaf 0.250000 0.735833 0.032500 0.020000
leaf 0.270625 0.746250 0.021250 0.015833
leaf 0.442500 0.784583 0.067500 0.100833
leaf 0.162500 0.732083 0.192500 0.079167
leaf 0.216875 0.775000 0.021250 0.033333
root 0.263125 0.545000 0.053750 0.028333
root 0.826250 0.767500 0.170000 0.063333
root 0.286875 0.818333 0.176250 0.080000
root 0.701250 0.503750 0.102500 0.055833
root 0.386875 0.365417 0.123750 0.070833
root 0.674375 0.306250 0.141250 0.099167
flower 0.412500 0.253750 0.032500 0.044167
flower 0.372500 0.272917 0.030000 0.082500
flower 0.330000 0.256250 0.020000 0.074167
flower 0.630625 0.182083 0.053750 0.085833
flower 0.699375 0.210000 0.026250 0.056667
flower 0.665625 0.163750 0.016250 0.029167
flower 0.636250 0.135000 0.025000 0.033333
flower 0.709375 0.410833 0.026250 0.068333
flower 0.683750 0.408750 0.017500 0.067500
flower 0.675000 0.433750 0.015000 0.024167
flower 0.224375 0.457500 0.068750 0.093333
flower 0.774375 0.648750 0.058750 0.035833
flower 0.756250 0.690000 0.027500 0.056667
flower 0.728750 0.709167 0.017500 0.031667
flower 0.480000 0.797917 0.025000 0.079167
flower 0.255000 0.712083 0.072500 0.032500
flower 0.288750 0.737500 0.035000 0.041667
flower 0.198125 0.747083 0.053750 0.014167
flower 0.238125 0.757917 0.041250 0.012500
root 0.513125 0.654583 0.278750 0.064167
leaf 0.533750 0.852917 0.077500 0.027500
leaf 0.497500 0.815000 0.020000 0.048333
leaf 0.589375 0.257083 0.091250 0.025833
