flower 0.276250 0.246250 0.115000 0.072500
flower 0.747500 0.294583 0.102500 0.075833
flower 0.838125 0.553333 0.101250 0.063333
leaf 0.612500 0.525833 0.132500 0.245000
leaf 0.726875 0.648750 0.113750 0.124167
leaf 0.761875 0.497917 0.163750 0.217500
leaf 0.267500 0.377500 0.320000 0.111667
leaf 0.145000 0.216250 0.165000 0.194167
stem 0.406875 0.565833 0.306250 0.280000
stem 0.601875 0.814167 0.146250 0.206667
leaf 0.347500 0.259167 0.235000 0.205000
leaf 0.589375 0.315417 0.231250 0.185833
leaf 0.804375 0.282917 0.191250 0.144167
leaf 0.571250 0.163333 0.350000 0.136667
