flower 0.346250 0.232500 0.037500 0.031667
flower 0.291875 0.396667 0.026250 0.018333
flower 0.548750 0.388750 0.032500 0.025833
flower 0.200000 0.603333 0.015000 0.028333
flower 0.641250 0.552083 0.027500 0.024167
leaf 0.669375 0.120000 0.028750 0.026667
leaf 0.562500 0.113333 0.040000 0.028333
leaf 0.288125 0.138333 0.018750 0.018333
leaf 0.263125 0.123750 0.028750 0.019167
leaf 0.674375 0.159167 0.016250 0.020000
leaf 0.678125 0.177500 0.036250 0.023333
leaf 0.578125 0.139167 0.033750 0.025000
leaf 0.624375 0.161250 0.043750 0.050833
leaf 0.579375 0.165417 0.053750 0.039167
leaf 0.863750 0.250417 0.037500 0.027500
leaf 0.700625 0.225417 0.066250 0.022500
leaf 0.664375 0.258750 0.041250 0.045833
leaf 0.645000 0.220000 0.090000 0.026667
leaf 0.597500 0.248750 0.055000 0.024167
leaf 0.633750 0.249167 0.022500 0.023333
leaf 0.550625 0.229583 0.068750 0.022500
leaf 0.510000 0.201667 0.032500 0.025000
leaf 0.571250 0.198750 0.085000 0.029167
leaf 0.530000 0.167917 0.035000 0.032500
leaf 0.470000 0.160000 0.052500 0.033333
leaf 0.434375 0.288333 0.033750 0.020000
leaf 0.470000 0.322500 0.017500 0.026667
leaf 0.570000 0.331250 0.062500 0.022500
leaf 0.616250 0.314167 0.040000 0.045000
leaf 0.700625 0.322917 0.043750 0.040833
leaf 0.688125 0.363750 0.036250 0.039167
leaf 0.643125 0.375417 0.051250 0.054167
leaf 0.595000 0.361250 0.067500 0.024167
leaf 0.570000 0.380417 0.040000 0.035833
leaf 0.530000 0.404167 0.072500 0.038333
leaf 0.532500 0.436667 0.040000 0.020000
leaf 0.583125 0.429583 0.031250 0.017500
leaf 0.618750 0.418333 0.057500 0.041667
leaf 0.624375 0.458750 0.043750 0.024167
leaf 0.590625 0.470417 0.043750 0.017500
leaf 0.521875 0.485417 0.051250 0.024167
leaf 0.718125 0.630000 0.048750 0.046667
leaf 0.517500 0.692917 0.042500 0.024167
flower 0.588125 0.579583 0.023750 0.019167
leaf 0.591875 0.589583 0.046250 0.035833
leaf 0.623125 0.572500 0.046250 0.021667
leaf 0.568750 0.550833 0.070000 0.038333
leaf 0.556875 0.525833 0.041250 0.028333
leaf 0.366250 0.611667 0.045000 0.020000
leaf 0.185000 0.640833 0.065000 0.030000
leaf 0.143125 0.602500 0.058750 0.045000
leaf 0.228750 0.596667 0.025000 0.013333
leaf 0.280625 0.594167 0.063750 0.018333
leaf 0.341250 0.586667 0.047500 0.026667
leaf 0.353750 0.567917 0.027500 0.020833
leaf 0.319375 0.561250 0.046250 0.030833
leaf 0.285625 0.575000 0.073750 0.023333
leaf 0.225000 0.568333 0.037500 0.020000
leaf 0.113125 0.565833 0.051250 0.021667
leaf 0.153750 0.552500 0.037500 0.031667
leaf 0.198125 0.540000 0.048750 0.053333
leaf 0.143750 0.510000 0.057500 0.051667
stem 0.350625 0.698333 0.156250 0.145000
stem 0.269375 0.620833 0.103750 0.028333
stem 0.178125 0.582917 0.023750 0.022500
stem 0.478125 0.697083 0.033750 0.030833
stem 0.533125 0.637500 0.081250 0.088333
stem 0.658750 0.507917 0.080000 0.059167
stem 0.467500 0.445833 0.085000 0.081667
stem 0.347500 0.455417 0.105000 0.060833
stem 0.473750 0.372917 0.030000 0.067500
stem 0.512500 0.320417 0.062500 0.015833
stem 0.516250 0.276667 0.080000 0.051667
stem 0.466875 0.241250 0.048750 0.119167
stem 0.296875 0.292500 0.023750 0.043333
stem 0.211875 0.237083 0.018750 0.030833
stem 0.206875 0.176667 0.016250 0.031667
stem 0.623750 0.119167 0.047500 0.025000
fruit 0.229375 0.553333 0.023750 0.016667
leaf 0.295000 0.400833 0.057500 0.046667
leaf 0.313125 0.350833 0.043750 0.013333
leaf 0.333125 0.322500 0.031250 0.025000
leaf 0.300000 0.325000 0.030000 0.010000
leaf 0.252500 0.364583 0.027500 0.017500
leaf 0.268125 0.338750 0.033750 0.034167
leaf 0.252500 0.320000 0.035000 0.015000
leaf 0.315625 0.228750 0.028750 0.039167
leaf 0.307500 0.259583 0.022500 0.017500
leaf 0.280000 0.242917 0.055000 0.020833
leaf 0.250000 0.257083 0.047500 0.027500
leaf 0.229375 0.287500 0.021250 0.021667
leaf 0.206875 0.267917 0.046250 0.032500
leaf 0.176875 0.265833 0.031250 0.026667
leaf 0.184375 0.243333 0.036250 0.018333
leaf 0.144375 0.262083 0.026250 0.024167
leaf 0.146875 0.234167 0.041250 0.026667
leaf 0.167500 0.216250 0.027500 0.019167
leaf 0.231250 0.204167 0.050000 0.023333
leaf 0.287500 0.179583 0.070000 0.037500
leaf 0.243125 0.161667 0.053750 0.040000
