fruit 0.625625 0.345833 0.053750 0.035000
fruit 0.588750 0.305000 0.057500 0.036667
fruit 0.544375 0.316667 0.048750 0.033333
fruit 0.504375 0.328333 0.056250 0.040000
fruit 0.666875 0.155833 0.093750 0.050000
leaf 0.455625 0.116250 0.371250 0.214167
leaf 0.825000 0.264583 0.302500 0.129167
leaf 0.866875 0.450000 0.266250 0.313333
leaf 0.421875 0.409167 0.156250 0.125000
leaf 0.590625 0.539167 0.431250 0.158333
leaf 0.569375 0.638333 0.401250 0.086667
leaf 0.308750 0.602083 0.160000 0.122500
leaf 0.677500 0.830000 0.555000 0.245000
stem 0.571875 0.710417 0.041250 0.069167
stem 0.411875 0.690417 0.066250 0.042500
stem 0.488750 0.437083 0.055000 0.040833
stem 0.555000 0.383333 0.080000 0.093333
stem 0.648750 0.232500 0.037500 0.048333
stem 0.570625 0.260000 0.163750 0.066667
stem 0.661875 0.223333 0.036250 0.078333
stem 0.386250 0.558750 0.120000 0.027500
stem 0.333125 0.532500 0.101250 0.048333
stem 0.187500 0.470417 0.350000 0.139167
