leaf 0.264375 0.149167 0.028750 0.018333
leaf 0.275625 0.212083 0.028750 0.020833
leaf 0.262500 0.092500 0.030000 0.013333
leaf 0.308750 0.257500 0.042500 0.026667
leaf 0.400625 0.349167 0.031250 0.026667
leaf 0.381250 0.392083 0.022500 0.014167
leaf 0.505625 0.112083 0.023750 0.019167
leaf 0.481250 0.130833 0.030000 0.041667
leaf 0.619375 0.182917 0.043750 0.022500
leaf 0.574375 0.210833 0.041250 0.038333
leaf 0.560625 0.248333 0.036250 0.036667
leaf 0.546875 0.220833 0.028750 0.021667
leaf 0.906250 0.090417 0.022500 0.017500
leaf 0.836875 0.174583 0.041250 0.034167
leaf 0.801875 0.310417 0.018750 0.014167
leaf 0.574375 0.338333 0.036250 0.028333
leaf 0.776875 0.410000 0.023750 0.013333
leaf 0.636250 0.446667 0.030000 0.018333
leaf 0.615625 0.520833 0.028750 0.011667
leaf 0.633750 0.499167 0.040000 0.025000
leaf 0.657500 0.482917 0.030000 0.019167
leaf 0.730000 0.475000 0.015000 0.013333
leaf 0.697500 0.472917 0.027500 0.015833
leaf 0.711250 0.456250 0.027500 0.020833
stem 0.250000 0.068333 0.025000 0.035000
stem 0.268750 0.118750 0.020000 0.040833
stem 0.269375 0.178333 0.053750 0.043333
stem 0.306875 0.207500 0.038750 0.073333
stem 0.363125 0.324167 0.046250 0.101667
stem 0.344375 0.527083 0.143750 0.254167
stem 0.646250 0.557500 0.075000 0.080000
stem 0.698125 0.500000 0.036250 0.035000
stem 0.768750 0.438333 0.087500 0.038333
stem 0.755000 0.371667 0.112500 0.056667
stem 0.851250 0.250000 0.097500 0.110000
stem 0.857500 0.087500 0.090000 0.140000
stem 0.616250 0.383750 0.047500 0.105833
stem 0.574375 0.295833 0.043750 0.056667
stem 0.500625 0.192500 0.073750 0.091667
stem 0.448750 0.122500 0.032500 0.048333
