flower 0.174375 0.201667 0.031250 0.020000
flower 0.055000 0.268333 0.067500 0.040000
flower 0.331250 0.236250 0.067500 0.044167
flower 0.474375 0.116250 0.068750 0.050833
flower 0.681250 0.105417 0.082500 0.039167
flower 0.756250 0.108750 0.080000 0.037500
flower 0.911250 0.215417 0.027500 0.037500
flower 0.883750 0.231250 0.020000 0.015833
flower 0.655625 0.331250 0.056250 0.035833
flower 0.751875 0.356250 0.078750 0.054167
flower 0.852500 0.452083 0.062500 0.030833
flower 0.506250 0.502083 0.025000 0.047500
flower 0.163750 0.495000 0.075000 0.050000
flower 0.110000 0.527083 0.067500 0.049167
flower 0.280625 0.630417 0.083750 0.045833
flower 0.580000 0.631250 0.072500 0.042500
flower 0.843125 0.658750 0.071250 0.037500
flower 0.838750 0.718333 0.050000 0.053333
leaf 0.198750 0.186667 0.042500 0.040000
leaf 0.266250 0.143333 0.040000 0.026667
leaf 0.315625 0.139583 0.056250 0.030833
leaf 0.330625 0.174583 0.043750 0.020833
leaf 0.369375 0.176250 0.036250 0.019167
leaf 0.410000 0.146250 0.030000 0.022500
leaf 0.431875 0.162500 0.031250 0.023333
leaf 0.481875 0.175417 0.021250 0.015833
leaf 0.468125 0.149167 0.043750 0.018333
leaf 0.532500 0.148333 0.030000 0.020000
leaf 0.538750 0.130000 0.027500 0.016667
leaf 0.524375 0.107917 0.041250 0.020833
leaf 0.543750 0.083333 0.037500 0.033333
leaf 0.693125 0.076667 0.036250 0.026667
leaf 0.840000 0.212083 0.055000 0.037500
leaf 0.718750 0.167917 0.072500 0.029167
leaf 0.685625 0.200417 0.038750 0.025833
leaf 0.648750 0.170833 0.050000 0.021667
leaf 0.598750 0.171250 0.042500 0.025833
leaf 0.579375 0.207917 0.038750 0.027500
leaf 0.551875 0.194583 0.026250 0.034167
leaf 0.528125 0.184583 0.028750 0.020833
leaf 0.518125 0.251667 0.028750 0.026667
leaf 0.445625 0.247500 0.026250 0.018333
leaf 0.408750 0.220833 0.032500 0.025000
leaf 0.376250 0.220833 0.030000 0.025000
leaf 0.348750 0.264167 0.030000 0.021667
leaf 0.310000 0.259583 0.027500 0.017500
leaf 0.193125 0.240833 0.026250 0.015000
leaf 0.146875 0.244583 0.046250 0.034167
leaf 0.152500 0.319167 0.042500 0.041667
leaf 0.430625 0.285417 0.051250 0.025833
leaf 0.465625 0.302083 0.016250 0.012500
leaf 0.446875 0.321250 0.023750 0.019167
leaf 0.407500 0.313333 0.035000 0.020000
leaf 0.558125 0.357500 0.038750 0.018333
leaf 0.588750 0.382083 0.042500 0.022500
leaf 0.656250 0.362917 0.040000 0.027500
leaf 0.740000 0.404167 0.040000 0.036667
leaf 0.795000 0.417500 0.050000 0.038333
leaf 0.845000 0.479583 0.035000 0.025833
leaf 0.790625 0.451250 0.033750 0.025833
leaf 0.877500 0.685833 0.027500 0.030000
leaf 0.836875 0.693333 0.043750 0.021667
leaf 0.798750 0.672083 0.025000 0.025833
leaf 0.798750 0.711667 0.032500 0.025000
leaf 0.774375 0.715833 0.036250 0.025000
leaf 0.730000 0.727500 0.030000 0.013333
leaf 0.700625 0.752500 0.038750 0.021667
leaf 0.607500 0.780417 0.050000 0.039167
leaf 0.565000 0.777500 0.040000 0.031667
leaf 0.540625 0.782917 0.031250 0.020833
leaf 0.460625 0.790833 0.026250 0.018333
leaf 0.582500 0.703333 0.045000 0.040000
leaf 0.573750 0.659167 0.032500 0.020000
leaf 0.537500 0.663333 0.017500 0.010000
leaf 0.513750 0.682500 0.030000 0.021667
leaf 0.454375 0.681250 0.063750 0.027500
leaf 0.454375 0.758333 0.038750 0.020000
leaf 0.460625 0.737500 0.038750 0.018333
leaf 0.426250 0.737083 0.030000 0.017500
leaf 0.404375 0.725000 0.036250 0.030000
leaf 0.381250 0.748333 0.040000 0.023333
leaf 0.446250 0.635417 0.025000 0.022500
leaf 0.445000 0.614167 0.032500 0.016667
leaf 0.405000 0.628333 0.015000 0.008333
leaf 0.354375 0.627083 0.038750 0.027500
leaf 0.367500 0.592917 0.055000 0.024167
leaf 0.350000 0.570833 0.037500 0.033333
leaf 0.521250 0.590833 0.050000 0.036667
leaf 0.558125 0.557917 0.033750 0.024167
leaf 0.568125 0.523750 0.043750 0.027500
leaf 0.525000 0.517500 0.027500 0.028333
leaf 0.532500 0.459583 0.020000 0.022500
leaf 0.466875 0.459167 0.046250 0.016667
leaf 0.441875 0.537917 0.038750 0.022500
leaf 0.472500 0.534583 0.015000 0.014167
leaf 0.466875 0.516667 0.038750 0.013333
leaf 0.360625 0.535833 0.058750 0.025000
leaf 0.397500 0.504167 0.070000 0.028333
leaf 0.458125 0.429167 0.043750 0.016667
leaf 0.448750 0.406667 0.032500 0.021667
leaf 0.411875 0.407500 0.038750 0.018333
leaf 0.349375 0.398750 0.053750 0.022500
leaf 0.289375 0.402083 0.051250 0.022500
leaf 0.262500 0.445000 0.047500 0.026667
leaf 0.185625 0.417500 0.053750 0.046667
leaf 0.156875 0.454583 0.053750 0.022500
leaf 0.220625 0.620000 0.041250 0.026667
stem 0.690625 0.054583 0.063750 0.012500
stem 0.612500 0.076667 0.090000 0.051667
stem 0.807500 0.182917 0.080000 0.017500
stem 0.306250 0.160417 0.210000 0.007500
stem 0.485625 0.211667 0.053750 0.053333
stem 0.246875 0.244167 0.093750 0.010000
stem 0.505000 0.356250 0.055000 0.184167
stem 0.828750 0.563750 0.040000 0.140833
stem 0.748750 0.681250 0.065000 0.049167
stem 0.648750 0.798333 0.052500 0.068333
stem 0.487500 0.609583 0.017500 0.159167
stem 0.480000 0.773750 0.025000 0.159167
stem 0.312500 0.682917 0.142500 0.060833
stem 0.136875 0.585000 0.113750 0.058333
stem 0.245625 0.424583 0.046250 0.012500
flower 0.058750 0.537917 0.067500 0.032500
leaf 0.566250 0.825000 0.057500 0.030000
leaf 0.664375 0.907500 0.053750 0.023333
leaf 0.624375 0.892500 0.043750 0.043333
leaf 0.546875 0.893333 0.073750 0.030000
leaf 0.518750 0.925833 0.030000 0.016667
leaf 0.441250 0.868333 0.075000 0.056667
stem 0.468125 0.923333 0.028750 0.041667
