flower 0.749375 0.381250 0.056250 0.055833
flower 0.798750 0.539167 0.107500 0.068333
flower 0.495625 0.600833 0.108750 0.038333
flower 0.437500 0.491667 0.132500 0.056667
flower 0.217500 0.498333 0.102500 0.040000
flower 0.430625 0.441667 0.083750 0.030000
flower 0.381875 0.422083 0.058750 0.020833
flower 0.318125 0.408333 0.088750 0.030000
leaf 0.151875 0.435000 0.263750 0.126667
leaf 0.473125 0.414583 0.238750 0.115833
flower 0.830000 0.246250 0.055000 0.025833
leaf 0.694375 0.272917 0.256250 0.097500
leaf 0.936250 0.338333 0.067500 0.116667
leaf 0.857500 0.403750 0.082500 0.089167
leaf 0.688750 0.403750 0.277500 0.157500
leaf 0.190625 0.653333 0.051250 0.050000
leaf 0.500000 0.563750 0.212500 0.120833
leaf 0.494375 0.716667 0.221250 0.196667
leaf 0.821875 0.697917 0.281250 0.199167
stem 0.701250 0.598333 0.155000 0.073333
stem 0.870000 0.321667 0.060000 0.066667
stem 0.325625 0.495417 0.078750 0.077500
stem 0.257500 0.575417 0.092500 0.100833
stem 0.309375 0.650417 0.176250 0.035833
stem 0.148125 0.688333 0.041250 0.030000
leaf 0.873750 0.202917 0.102500 0.155833
leaf 0.720000 0.155833 0.222500 0.136667
