flower 0.508750 0.592917 0.187500 0.077500
flower 0.638750 0.517917 0.087500 0.102500
flower 0.855000 0.562083 0.140000 0.107500
flower 0.876250 0.479583 0.170000 0.069167
flower 0.531875 0.470417 0.173750 0.065833
flower 0.556875 0.427500 0.138750 0.068333
flower 0.740000 0.455833 0.087500 0.055000
flower 0.861250 0.372083 0.245000 0.122500
flower 0.703750 0.333750 0.070000 0.052500
leaf 0.263125 0.306667 0.493750 0.371667
leaf 0.726875 0.168750 0.483750 0.322500
leaf 0.471875 0.680833 0.488750 0.316667
stem 0.825000 0.679167 0.102500 0.125000
stem 0.740625 0.561667 0.096250 0.133333
stem 0.822500 0.588750 0.085000 0.025833
