flower 0.804375 0.326667 0.036250 0.020000
flower 0.796250 0.342917 0.022500 0.010833
flower 0.752500 0.390000 0.025000 0.041667
flower 0.844375 0.372917 0.023750 0.015833
flower 0.795000 0.412500 0.032500 0.015000
flower 0.713750 0.379583 0.022500 0.015833
flower 0.795625 0.621667 0.026250 0.013333
flower 0.881875 0.581250 0.021250 0.020833
flower 0.772500 0.586250 0.030000 0.015833
flower 0.433125 0.787083 0.141250 0.025833
flower 0.576875 0.785000 0.078750 0.030000
leaf 0.846250 0.212083 0.202500 0.215833
leaf 0.861875 0.360833 0.191250 0.088333
leaf 0.480625 0.218750 0.568750 0.410833
leaf 0.798125 0.474167 0.238750 0.140000
leaf 0.878750 0.606250 0.092500 0.055833
leaf 0.811250 0.706250 0.317500 0.132500
leaf 0.537500 0.511667 0.397500 0.210000
leaf 0.526875 0.687917 0.326250 0.157500
leaf 0.236875 0.490417 0.151250 0.200833
leaf 0.233125 0.648333 0.296250 0.103333
leaf 0.087500 0.509583 0.140000 0.187500
stem 0.868125 0.537083 0.038750 0.055833
stem 0.806875 0.564583 0.038750 0.057500
stem 0.779375 0.787083 0.338750 0.040833
stem 0.709375 0.669167 0.028750 0.018333
stem 0.605000 0.704167 0.047500 0.008333
