flower 0.199375 0.189583 0.058750 0.034167
flower 0.381250 0.127500 0.070000 0.058333
flower 0.902500 0.085833 0.045000 0.065000
flower 0.660000 0.249167 0.027500 0.015000
flower 0.654375 0.227083 0.021250 0.012500
flower 0.690625 0.244167 0.021250 0.011667
flower 0.782500 0.284167 0.027500 0.030000
flower 0.823125 0.272500 0.016250 0.018333
flower 0.157500 0.164167 0.037500 0.008333
leaf 0.159375 0.116667 0.121250 0.090000
leaf 0.263750 0.129583 0.077500 0.060833
leaf 0.299375 0.182917 0.111250 0.075833
leaf 0.426875 0.237500 0.151250 0.071667
leaf 0.498750 0.163333 0.127500 0.095000
leaf 0.446875 0.116250 0.088750 0.080833
leaf 0.498125 0.080417 0.071250 0.052500
leaf 0.686250 0.099167 0.130000 0.066667
leaf 0.436250 0.337500 0.082500 0.061667
leaf 0.156250 0.307083 0.102500 0.080833
leaf 0.332500 0.405833 0.082500 0.048333
leaf 0.685000 0.539167 0.120000 0.061667
leaf 0.799375 0.536667 0.123750 0.070000
leaf 0.438125 0.640000 0.063750 0.043333
leaf 0.370625 0.637500 0.076250 0.048333
leaf 0.405000 0.682500 0.055000 0.038333
leaf 0.177500 0.651667 0.085000 0.063333
leaf 0.700625 0.692500 0.188750 0.166667
leaf 0.564375 0.748750 0.118750 0.074167
leaf 0.416875 0.729167 0.091250 0.045000
leaf 0.079375 0.757083 0.091250 0.062500
leaf 0.221250 0.718750 0.122500 0.065833
leaf 0.111875 0.706250 0.123750 0.052500
leaf 0.254375 0.775000 0.088750 0.066667
leaf 0.362500 0.825000 0.122500 0.048333
stem 0.802500 0.087917 0.082500 0.037500
stem 0.629375 0.171250 0.136250 0.075833
stem 0.095625 0.189583 0.138750 0.075833
stem 0.211250 0.242083 0.097500 0.057500
stem 0.315625 0.276667 0.121250 0.115000
stem 0.383125 0.177083 0.018750 0.055833
stem 0.573125 0.222917 0.136250 0.055833
stem 0.756250 0.243750 0.085000 0.039167
stem 0.450625 0.291667 0.063750 0.035000
stem 0.380625 0.350833 0.051250 0.043333
stem 0.250625 0.361667 0.111250 0.055000
stem 0.418750 0.492083 0.085000 0.244167
stem 0.885000 0.370833 0.125000 0.383333
stem 0.797500 0.617500 0.125000 0.093333
stem 0.523125 0.688333 0.163750 0.048333
stem 0.330625 0.707917 0.103750 0.027500
leaf 0.053125 0.647917 0.073750 0.064167
leaf 0.256250 0.839583 0.090000 0.077500
leaf 0.405000 0.780000 0.165000 0.061667
