leaf 0.238750 0.077083 0.140000 0.050833
leaf 0.247500 0.179167 0.195000 0.088333
leaf 0.151250 0.275417 0.192500 0.115833
leaf 0.205625 0.429583 0.321250 0.164167
leaf 0.399375 0.497917 0.053750 0.069167
leaf 0.706250 0.626250 0.212500 0.080833
leaf 0.658750 0.552500 0.305000 0.061667
leaf 0.522500 0.432500 0.145000 0.150000
leaf 0.667500 0.449583 0.295000 0.125833
leaf 0.556250 0.321250 0.120000 0.074167
fruit 0.477500 0.649583 0.325000 0.325833
stem 0.491250 0.205000 0.040000 0.303333
stem 0.793750 0.416667 0.085000 0.046667
leaf 0.650625 0.292083 0.171250 0.112500
leaf 0.896875 0.324167 0.118750 0.098333
leaf 0.749375 0.294167 0.101250 0.186667
leaf 0.853125 0.257917 0.121250 0.070833
leaf 0.363750 0.097083 0.132500 0.089167
leaf 0.319375 0.241250 0.173750 0.074167
leaf 0.329375 0.326667 0.188750 0.095000
leaf 0.451250 0.291250 0.070000 0.055833
