flower 0.592500 0.270417 0.090000 0.057500
leaf 0.228125 0.136667 0.146250 0.123333
leaf 0.388125 0.189583 0.088750 0.205833
leaf 0.176250 0.238333 0.327500 0.115000
leaf 0.460000 0.258333 0.200000 0.146667
leaf 0.220625 0.345000 0.258750 0.058333
leaf 0.251250 0.415000 0.235000 0.060000
leaf 0.375000 0.419167 0.095000 0.111667
leaf 0.612500 0.557917 0.192500 0.079167
leaf 0.433750 0.509583 0.107500 0.065833
leaf 0.504375 0.367500 0.233750 0.100000
leaf 0.795625 0.284167 0.323750 0.223333
leaf 0.786250 0.442917 0.345000 0.107500
leaf 0.583750 0.404167 0.107500 0.140000
stem 0.640000 0.319167 0.040000 0.051667
stem 0.364375 0.360000 0.016250 0.045000
stem 0.352500 0.318750 0.015000 0.050833
stem 0.500000 0.493333 0.045000 0.136667
stem 0.411875 0.684583 0.193750 0.282500
stem 0.553750 0.500000 0.117500 0.046667
