flower 0.641875 0.167083 0.056250 0.037500
flower 0.686250 0.581250 0.050000 0.050833
leaf 0.288750 0.149583 0.152500 0.125833
leaf 0.188750 0.180000 0.037500 0.040000
leaf 0.349375 0.063333 0.143750 0.056667
leaf 0.423750 0.116250 0.087500 0.072500
leaf 0.541250 0.122917 0.145000 0.090833
leaf 0.641875 0.112917 0.096250 0.052500
leaf 0.716875 0.202917 0.128750 0.059167
leaf 0.737500 0.255000 0.067500 0.053333
leaf 0.769375 0.332917 0.136250 0.092500
leaf 0.691250 0.425417 0.162500 0.074167
leaf 0.766875 0.483333 0.076250 0.060000
leaf 0.818125 0.433333 0.056250 0.033333
leaf 0.821875 0.529167 0.061250 0.046667
leaf 0.166250 0.335000 0.130000 0.125000
leaf 0.180000 0.475000 0.107500 0.070000
leaf 0.301875 0.570417 0.093750 0.084167
leaf 0.581875 0.612083 0.178750 0.080833
leaf 0.488750 0.780833 0.092500 0.038333
stem 0.344375 0.767500 0.196250 0.253333
stem 0.761250 0.680000 0.162500 0.076667
stem 0.180625 0.567083 0.193750 0.117500
stem 0.325000 0.509167 0.167500 0.065000
stem 0.290625 0.239167 0.171250 0.048333
leaf 0.879375 0.542083 0.086250 0.075833
stem 0.832500 0.475000 0.047500 0.061667
stem 0.888125 0.631250 0.053750 0.097500
leaf 0.866875 0.725417 0.051250 0.029167
leaf 0.594375 0.800000 0.041250 0.036667
leaf 0.323750 0.623333 0.050000 0.028333
leaf 0.385000 0.584167 0.082500 0.080000
stem 0.576250 0.830833 0.075000 0.031667
stem 0.448125 0.557083 0.091250 0.052500
