flower 0.255625 0.690417 0.098750 0.060833
flower 0.733125 0.424583 0.113750 0.067500
flower 0.735625 0.219167 0.098750 0.065000
flower 0.623750 0.057917 0.130000 0.042500
flower 0.277500 0.133333 0.085000 0.060000
leaf 0.439375 0.671667 0.233750 0.201667
leaf 0.773750 0.715000 0.172500 0.101667
leaf 0.661250 0.523333 0.252500 0.153333
leaf 0.233125 0.117917 0.373750 0.219167
stem 0.640625 0.123750 0.396250 0.112500
stem 0.873750 0.370833 0.170000 0.385000
stem 0.462500 0.473750 0.177500 0.025833
stem 0.606250 0.680000 0.192500 0.068333
stem 0.208750 0.560417 0.282500 0.167500
stem 0.110625 0.712500 0.111250 0.126667
leaf 0.253750 0.409583 0.257500 0.182500
leaf 0.466250 0.350833 0.180000 0.116667
leaf 0.273750 0.262500 0.350000 0.148333
