flower 0.253750 0.184583 0.070000 0.027500
flower 0.695625 0.101250 0.071250 0.037500
flower 0.741250 0.390000 0.117500 0.066667
flower 0.402500 0.486667 0.077500 0.040000
leaf 0.428750 0.697500 0.232500 0.083333
leaf 0.207500 0.693333 0.142500 0.078333
leaf 0.219375 0.595833 0.178750 0.125000
leaf 0.390625 0.605833 0.138750 0.065000
leaf 0.538750 0.561667 0.222500 0.080000
leaf 0.583750 0.499167 0.200000 0.058333
leaf 0.478750 0.483750 0.090000 0.079167
leaf 0.279375 0.510833 0.263750 0.135000
leaf 0.395625 0.434167 0.106250 0.118333
leaf 0.763750 0.479583 0.092500 0.112500
leaf 0.670000 0.435000 0.155000 0.043333
leaf 0.628750 0.376250 0.132500 0.077500
leaf 0.870625 0.400833 0.138750 0.200000
leaf 0.776875 0.350833 0.041250 0.025000
leaf 0.401875 0.240833 0.098750 0.095000
leaf 0.150625 0.246250 0.223750 0.087500
leaf 0.137500 0.172083 0.210000 0.082500
leaf 0.341875 0.110417 0.228750 0.187500
leaf 0.800625 0.197083 0.098750 0.027500
leaf 0.683125 0.190000 0.041250 0.043333
leaf 0.619375 0.161250 0.143750 0.044167
leaf 0.818125 0.100000 0.201250 0.138333
leaf 0.576875 0.081667 0.191250 0.113333
stem 0.621250 0.267500 0.287500 0.116667
stem 0.310625 0.260417 0.073750 0.070833
stem 0.381250 0.333750 0.075000 0.079167
stem 0.466875 0.406250 0.088750 0.054167
stem 0.493750 0.652083 0.077500 0.117500
stem 0.760625 0.681667 0.176250 0.288333
