fruit 0.230625 0.412083 0.291250 0.280833
fruit 0.600000 0.484583 0.250000 0.302500
fruit 0.697500 0.440000 0.392500 0.080000
fruit 0.571875 0.267083 0.236250 0.330833
fruit 0.681875 0.200833 0.291250 0.113333
fruit 0.244375 0.215833 0.276250 0.105000
leaf 0.144375 0.174167 0.041250 0.045000
flower 0.575625 0.129167 0.028750 0.020000
leaf 0.550625 0.104583 0.048750 0.037500
leaf 0.589375 0.198333 0.111250 0.050000
leaf 0.503125 0.199583 0.053750 0.032500
leaf 0.473750 0.166667 0.087500 0.090000
leaf 0.588750 0.260000 0.112500 0.046667
leaf 0.554375 0.313333 0.118750 0.040000
leaf 0.489375 0.344583 0.086250 0.050833
leaf 0.399375 0.313750 0.081250 0.105833
leaf 0.487500 0.267083 0.080000 0.092500
leaf 0.561875 0.537917 0.098750 0.077500
leaf 0.519375 0.475000 0.066250 0.043333
leaf 0.366250 0.514583 0.092500 0.102500
stem 0.417500 0.590000 0.037500 0.438333
stem 0.389375 0.589167 0.076250 0.040000
stem 0.449375 0.466250 0.066250 0.060833
stem 0.411250 0.394583 0.067500 0.044167
