flower 0.645625 0.173333 0.048750 0.026667
flower 0.571250 0.195000 0.037500 0.033333
flower 0.571875 0.239167 0.036250 0.021667
flower 0.510000 0.313750 0.045000 0.024167
flower 0.473125 0.335000 0.038750 0.043333
flower 0.465625 0.375833 0.041250 0.023333
flower 0.410625 0.389583 0.028750 0.019167
flower 0.366250 0.442500 0.020000 0.021667
flower 0.341875 0.454583 0.013750 0.022500
flower 0.306250 0.467500 0.042500 0.018333
flower 0.275625 0.509583 0.063750 0.039167
flower 0.402500 0.508750 0.067500 0.040833
flower 0.407500 0.474167 0.025000 0.033333
flower 0.371875 0.495417 0.048750 0.014167
flower 0.371875 0.552500 0.036250 0.028333
flower 0.348125 0.580417 0.021250 0.032500
flower 0.319375 0.598333 0.033750 0.021667
flower 0.346250 0.608750 0.025000 0.024167
flower 0.359375 0.648333 0.063750 0.043333
flower 0.302500 0.633333 0.037500 0.030000
flower 0.266250 0.662500 0.062500 0.038333
flower 0.333750 0.681250 0.040000 0.045833
flower 0.329375 0.721667 0.046250 0.018333
flower 0.345000 0.743750 0.022500 0.029167
flower 0.301250 0.727500 0.025000 0.025000
flower 0.327500 0.752917 0.042500 0.030833
flower 0.291250 0.765417 0.037500 0.040833
flower 0.279375 0.790833 0.048750 0.018333
flower 0.273125 0.705000 0.026250 0.036667
flower 0.253750 0.720417 0.020000 0.029167
flower 0.151875 0.751250 0.051250 0.024167
flower 0.209375 0.783750 0.028750 0.030833
flower 0.140625 0.782500 0.038750 0.020000
flower 0.243750 0.753333 0.022500 0.015000
flower 0.181875 0.759583 0.036250 0.027500
flower 0.778125 0.268333 0.021250 0.030000
flower 0.687500 0.102917 0.027500 0.017500
leaf 0.738125 0.098333 0.143750 0.190000
leaf 0.870000 0.294583 0.215000 0.202500
leaf 0.692500 0.291667 0.137500 0.186667
leaf 0.582500 0.338750 0.255000 0.159167
leaf 0.755000 0.487083 0.202500 0.179167
leaf 0.575000 0.615417 0.250000 0.207500
leaf 0.603125 0.112500 0.168750 0.053333
leaf 0.685000 0.164583 0.055000 0.035833
leaf 0.530625 0.175417 0.143750 0.035833
leaf 0.526250 0.230833 0.097500 0.038333
leaf 0.545625 0.299167 0.026250 0.075000
leaf 0.439375 0.321250 0.096250 0.040833
leaf 0.490625 0.375000 0.026250 0.066667
leaf 0.382500 0.409167 0.082500 0.055000
leaf 0.423125 0.460417 0.036250 0.072500
leaf 0.331875 0.501667 0.063750 0.061667
leaf 0.325625 0.555417 0.061250 0.052500
leaf 0.305000 0.671667 0.030000 0.060000
leaf 0.217500 0.716667 0.050000 0.036667
leaf 0.230625 0.754167 0.016250 0.045000
leaf 0.409375 0.832917 0.161250 0.132500
stem 0.539375 0.780000 0.086250 0.116667
stem 0.653750 0.135000 0.045000 0.043333
stem 0.652500 0.577083 0.042500 0.074167
leaf 0.891875 0.170000 0.178750 0.115000
flower 0.296250 0.845000 0.107500 0.075000
flower 0.165000 0.925833 0.082500 0.063333
flower 0.118125 0.859583 0.131250 0.105833
flower 0.178750 0.801667 0.050000 0.048333
