flower 0.251875 0.294583 0.028750 0.032500
flower 0.245625 0.266667 0.031250 0.030000
flower 0.221875 0.290833 0.028750 0.013333
flower 0.183750 0.287500 0.035000 0.035000
flower 0.203125 0.233333 0.023750 0.011667
flower 0.142500 0.232917 0.052500 0.029167
flower 0.141875 0.259167 0.028750 0.021667
flower 0.129375 0.285417 0.071250 0.025833
flower 0.116250 0.264167 0.045000 0.025000
flower 0.411875 0.271667 0.041250 0.023333
flower 0.416250 0.251667 0.065000 0.036667
flower 0.467500 0.227500 0.030000 0.018333
flower 0.522500 0.257917 0.045000 0.030833
flower 0.555625 0.235000 0.023750 0.033333
flower 0.535000 0.178333 0.035000 0.020000
flower 0.430625 0.157500 0.048750 0.038333
leaf 0.475625 0.117917 0.153750 0.124167
leaf 0.593750 0.182083 0.147500 0.122500
leaf 0.615625 0.270833 0.196250 0.113333
leaf 0.469375 0.250417 0.131250 0.144167
leaf 0.204375 0.260417 0.063750 0.045833
leaf 0.215625 0.317500 0.038750 0.028333
leaf 0.611250 0.368750 0.165000 0.070833
leaf 0.438750 0.378750 0.212500 0.087500
leaf 0.223750 0.366250 0.035000 0.025833
leaf 0.285000 0.406250 0.145000 0.109167
leaf 0.173750 0.435417 0.067500 0.037500
leaf 0.309375 0.489167 0.091250 0.061667
leaf 0.617500 0.515000 0.160000 0.186667
leaf 0.455000 0.482083 0.170000 0.129167
leaf 0.515625 0.619167 0.206250 0.151667
leaf 0.643750 0.710000 0.185000 0.136667
leaf 0.500625 0.725000 0.151250 0.123333
stem 0.281875 0.553750 0.031250 0.079167
stem 0.539375 0.337500 0.013750 0.041667
stem 0.162500 0.322083 0.080000 0.052500
stem 0.588750 0.700417 0.005000 0.027500
stem 0.563125 0.819583 0.046250 0.075833
