fruit 0.465625 0.278750 0.053750 0.032500
leaf 0.908750 0.342917 0.112500 0.124167
leaf 0.807500 0.356250 0.112500 0.034167
leaf 0.843125 0.422917 0.081250 0.064167
leaf 0.753750 0.395833 0.105000 0.036667
leaf 0.708750 0.360417 0.080000 0.049167
leaf 0.714375 0.502083 0.083750 0.102500
leaf 0.703750 0.413333 0.122500 0.078333
leaf 0.653125 0.452083 0.061250 0.067500
leaf 0.606250 0.531667 0.175000 0.085000
leaf 0.536875 0.481250 0.146250 0.044167
leaf 0.320000 0.452500 0.110000 0.080000
leaf 0.348125 0.589167 0.043750 0.050000
leaf 0.346875 0.534167 0.116250 0.091667
leaf 0.241875 0.558750 0.068750 0.112500
stem 0.257500 0.232917 0.280000 0.359167
stem 0.166250 0.512917 0.077500 0.192500
stem 0.345625 0.761250 0.271250 0.284167
stem 0.615625 0.740417 0.288750 0.325833
