flower 0.258750 0.155000 0.087500 0.053333
flower 0.386250 0.086667 0.112500 0.060000
flower 0.595625 0.058750 0.076250 0.040833
flower 0.211250 0.071667 0.107500 0.041667
flower 0.551875 0.332500 0.048750 0.041667
leaf 0.398125 0.268333 0.148750 0.121667
leaf 0.534375 0.258750 0.108750 0.124167
leaf 0.660625 0.295000 0.251250 0.088333
leaf 0.696250 0.176667 0.215000 0.151667
leaf 0.828750 0.259583 0.070000 0.160833
leaf 0.173125 0.361667 0.133750 0.151667
leaf 0.636250 0.560417 0.145000 0.070833
leaf 0.709375 0.484167 0.066250 0.095000
leaf 0.465625 0.342083 0.031250 0.042500
leaf 0.496875 0.422917 0.038750 0.039167
leaf 0.318750 0.552083 0.047500 0.117500
leaf 0.224375 0.603333 0.146250 0.048333
leaf 0.208750 0.688333 0.200000 0.050000
leaf 0.448750 0.677917 0.115000 0.034167
leaf 0.526875 0.662500 0.033750 0.061667
leaf 0.446250 0.741250 0.112500 0.062500
leaf 0.361875 0.787917 0.071250 0.022500
root 0.438125 0.485417 0.158750 0.145833
flower 0.370000 0.539583 0.065000 0.054167
stem 0.255625 0.659167 0.071250 0.063333
stem 0.171875 0.547917 0.073750 0.077500
stem 0.437500 0.613750 0.110000 0.100833
stem 0.549375 0.716667 0.063750 0.026667
stem 0.184375 0.465833 0.046250 0.035000
stem 0.220625 0.491250 0.013750 0.005833
stem 0.240625 0.509167 0.008750 0.011667
stem 0.256875 0.532083 0.021250 0.012500
stem 0.283750 0.570417 0.027500 0.032500
stem 0.620000 0.438333 0.102500 0.145000
flower 0.133125 0.432500 0.056250 0.031667
leaf 0.888125 0.457500 0.023750 0.048333
leaf 0.875000 0.533333 0.042500 0.081667
stem 0.886875 0.486250 0.013750 0.007500
stem 0.255000 0.274583 0.040000 0.162500
stem 0.408750 0.171250 0.060000 0.100833
stem 0.665000 0.134583 0.115000 0.105833
stem 0.803125 0.576667 0.088750 0.021667
stem 0.726875 0.663333 0.088750 0.045000
root 0.529375 0.861250 0.238750 0.180833
root 0.643125 0.733750 0.131250 0.070833
