flower 0.430625 0.085000 0.026250 0.033333
flower 0.381875 0.195000 0.026250 0.013333
flower 0.420000 0.180417 0.040000 0.042500
flower 0.580000 0.331250 0.045000 0.024167
leaf 0.518125 0.090000 0.093750 0.061667
leaf 0.429375 0.085000 0.093750 0.065000
leaf 0.630000 0.157500 0.300000 0.128333
leaf 0.625625 0.259583 0.206250 0.109167
leaf 0.680000 0.368750 0.282500 0.107500
leaf 0.618750 0.483750 0.350000 0.087500
leaf 0.629375 0.624583 0.071250 0.040833
leaf 0.553125 0.557917 0.298750 0.084167
leaf 0.415000 0.482500 0.092500 0.096667
leaf 0.398750 0.613333 0.110000 0.060000
leaf 0.529375 0.661667 0.108750 0.060000
leaf 0.480000 0.725000 0.085000 0.051667
leaf 0.200625 0.626667 0.191250 0.076667
leaf 0.176875 0.541250 0.171250 0.110833
leaf 0.191875 0.429583 0.311250 0.155833
leaf 0.270625 0.275833 0.253750 0.156667
leaf 0.318750 0.153750 0.205000 0.194167
stem 0.456250 0.167500 0.047500 0.085000
stem 0.466250 0.317917 0.115000 0.197500
stem 0.865000 0.387083 0.142500 0.209167
stem 0.730000 0.429167 0.092500 0.055000
stem 0.746875 0.545000 0.081250 0.080000
stem 0.595625 0.709583 0.113750 0.125833
stem 0.421875 0.690000 0.086250 0.065000
stem 0.338750 0.650000 0.042500 0.101667
stem 0.379375 0.556667 0.028750 0.060000
stem 0.350000 0.515417 0.047500 0.034167
stem 0.518125 0.807083 0.121250 0.070833
