leaf 0.196875 0.195000 0.188750 0.178333
leaf 0.836875 0.545000 0.173750 0.076667
leaf 0.733750 0.607083 0.287500 0.059167
leaf 0.790000 0.678333 0.147500 0.086667
leaf 0.199375 0.684583 0.196250 0.050833
stem 0.109375 0.675833 0.048750 0.023333
stem 0.167500 0.630833 0.112500 0.068333
leaf 0.647500 0.695833 0.217500 0.056667
leaf 0.492500 0.656250 0.332500 0.074167
leaf 0.500625 0.574583 0.328750 0.110833
leaf 0.335000 0.542083 0.205000 0.145833
leaf 0.234375 0.468750 0.106250 0.227500
leaf 0.181875 0.341667 0.118750 0.133333
leaf 0.456875 0.425000 0.348750 0.103333
leaf 0.605000 0.309167 0.270000 0.146667
leaf 0.418750 0.312917 0.202500 0.120833
