flower 0.460000 0.143333 0.055000 0.040000
flower 0.362500 0.109167 0.052500 0.025000
fruit 0.206875 0.240417 0.258750 0.057500
fruit 0.225625 0.204583 0.281250 0.065833
fruit 0.440625 0.144583 0.098750 0.187500
fruit 0.714375 0.257917 0.238750 0.069167
leaf 0.701875 0.125417 0.056250 0.055833
leaf 0.540625 0.106667 0.083750 0.066667
leaf 0.668750 0.193333 0.067500 0.086667
leaf 0.609375 0.173750 0.066250 0.100833
leaf 0.539375 0.194583 0.098750 0.094167
leaf 0.381250 0.090417 0.062500 0.045833
leaf 0.238125 0.128333 0.238750 0.090000
leaf 0.309375 0.198333 0.118750 0.058333
leaf 0.397500 0.172500 0.080000 0.103333
leaf 0.416875 0.282083 0.063750 0.087500
leaf 0.364375 0.272500 0.063750 0.128333
leaf 0.218125 0.293333 0.236250 0.036667
leaf 0.061875 0.300000 0.068750 0.070000
leaf 0.590000 0.265000 0.090000 0.063333
leaf 0.648125 0.342083 0.073750 0.089167
leaf 0.715625 0.326250 0.048750 0.104167
leaf 0.858125 0.236667 0.203750 0.111667
fruit 0.841250 0.267083 0.167500 0.012500
leaf 0.298750 0.378750 0.247500 0.147500
leaf 0.491250 0.369167 0.142500 0.143333
leaf 0.595625 0.475833 0.288750 0.065000
leaf 0.656250 0.532500 0.260000 0.058333
leaf 0.571250 0.574167 0.165000 0.058333
leaf 0.648750 0.631667 0.322500 0.063333
leaf 0.548125 0.813750 0.141250 0.159167
leaf 0.385625 0.761667 0.136250 0.193333
leaf 0.419375 0.650833 0.081250 0.091667
leaf 0.366875 0.584583 0.193750 0.099167
leaf 0.321250 0.493750 0.247500 0.084167
stem 0.473750 0.272083 0.027500 0.112500
stem 0.421875 0.339167 0.033750 0.035000
stem 0.585000 0.319167 0.060000 0.035000
stem 0.460000 0.698333 0.025000 0.453333
stem 0.468125 0.723333 0.028750 0.040000
stem 0.403750 0.364167 0.022500 0.031667
stem 0.665625 0.283750 0.043750 0.019167
stem 0.742500 0.233750 0.022500 0.022500
stem 0.525000 0.155833 0.042500 0.025000
leaf 0.581875 0.705000 0.211250 0.090000
fruit 0.525000 0.199583 0.215000 0.070833
