flower 0.708125 0.745000 0.068750 0.048333
flower 0.668750 0.745417 0.055000 0.062500
flower 0.625625 0.739583 0.056250 0.055833
flower 0.150625 0.376667 0.078750 0.043333
flower 0.152500 0.343333 0.107500 0.036667
flower 0.135000 0.304583 0.080000 0.044167
flower 0.291875 0.208750 0.073750 0.044167
flower 0.263750 0.179583 0.067500 0.035833
flower 0.286875 0.158750 0.048750 0.052500
flower 0.343125 0.132917 0.068750 0.040833
flower 0.448125 0.099583 0.068750 0.049167
flower 0.378750 0.098333 0.082500 0.053333
leaf 0.540000 0.143333 0.170000 0.185000
leaf 0.294375 0.150000 0.298750 0.121667
leaf 0.276875 0.279583 0.131250 0.159167
leaf 0.143750 0.295417 0.135000 0.069167
leaf 0.118750 0.415833 0.235000 0.100000
leaf 0.326875 0.402083 0.228750 0.054167
leaf 0.434375 0.292083 0.188750 0.149167
leaf 0.273750 0.460417 0.162500 0.129167
leaf 0.691875 0.323333 0.133750 0.186667
leaf 0.630625 0.405000 0.043750 0.046667
leaf 0.682500 0.478750 0.227500 0.105833
leaf 0.540625 0.417083 0.116250 0.079167
leaf 0.508750 0.523333 0.287500 0.128333
leaf 0.455625 0.615000 0.116250 0.080000
leaf 0.768750 0.590833 0.217500 0.098333
leaf 0.770625 0.703750 0.188750 0.130833
leaf 0.510625 0.687500 0.198750 0.196667
stem 0.641250 0.619167 0.062500 0.123333
stem 0.833125 0.504167 0.068750 0.048333
stem 0.510000 0.395417 0.055000 0.025833
stem 0.591250 0.317917 0.090000 0.090833
leaf 0.411250 0.040000 0.105000 0.078333
