flower 0.289375 0.218333 0.043750 0.030000
flower 0.545625 0.131667 0.071250 0.030000
flower 0.563750 0.199583 0.057500 0.022500
leaf 0.195625 0.321667 0.066250 0.140000
leaf 0.241875 0.380000 0.026250 0.023333
leaf 0.388125 0.298333 0.136250 0.165000
leaf 0.502500 0.372500 0.070000 0.090000
leaf 0.596250 0.339167 0.095000 0.095000
leaf 0.788750 0.346250 0.082500 0.050833
leaf 0.713750 0.277083 0.070000 0.164167
leaf 0.823125 0.258333 0.126250 0.110000
stem 0.555625 0.288333 0.033750 0.086667
stem 0.303125 0.310833 0.031250 0.066667
stem 0.511875 0.221250 0.026250 0.059167
stem 0.538750 0.165417 0.030000 0.035833
root 0.725625 0.507500 0.418750 0.228333
leaf 0.538750 0.258333 0.160000 0.133333
leaf 0.305625 0.405000 0.036250 0.066667
leaf 0.269375 0.316250 0.086250 0.095833
root 0.464375 0.454167 0.093750 0.118333
root 0.223750 0.463333 0.390000 0.156667
