flower 0.393125 0.146667 0.048750 0.028333
flower 0.265625 0.157083 0.036250 0.019167
flower 0.197500 0.174167 0.037500 0.021667
flower 0.139375 0.168750 0.043750 0.027500
flower 0.254375 0.109583 0.263750 0.117500
flower 0.730000 0.339167 0.030000 0.043333
flower 0.759375 0.306250 0.056250 0.080833
leaf 0.246250 0.181667 0.057500 0.033333
leaf 0.195000 0.201250 0.092500 0.025833
leaf 0.398750 0.151667 0.202500 0.148333
leaf 0.167500 0.256250 0.182500 0.087500
leaf 0.195000 0.351667 0.237500 0.126667
leaf 0.228125 0.476250 0.293750 0.150833
leaf 0.260000 0.650833 0.212500 0.135000
leaf 0.433125 0.637083 0.136250 0.110833
leaf 0.802500 0.589583 0.180000 0.112500
leaf 0.568125 0.420417 0.238750 0.200833
leaf 0.555000 0.290417 0.220000 0.102500
leaf 0.444375 0.252500 0.108750 0.126667
stem 0.328750 0.256667 0.112500 0.058333
stem 0.409375 0.378333 0.066250 0.113333
stem 0.413125 0.492500 0.081250 0.028333
stem 0.435625 0.497917 0.028750 0.159167
stem 0.528125 0.764583 0.248750 0.160833
leaf 0.586250 0.600417 0.260000 0.167500
leaf 0.878125 0.493750 0.186250 0.097500
leaf 0.807500 0.402083 0.222500 0.265833
