fruit 0.288125 0.319167 0.031250 0.026667
fruit 0.446250 0.104167 0.052500 0.025000
fruit 0.427500 0.089167 0.042500 0.031667
fruit 0.423125 0.064583 0.046250 0.022500
fruit 0.381250 0.075417 0.060000 0.044167
fruit 0.351875 0.109167 0.041250 0.035000
fruit 0.321875 0.085417 0.046250 0.042500
fruit 0.283750 0.086250 0.057500 0.054167
fruit 0.188125 0.655833 0.103750 0.025000
fruit 0.186875 0.607500 0.108750 0.066667
fruit 0.245625 0.603333 0.051250 0.030000
fruit 0.205625 0.556667 0.073750 0.041667
fruit 0.232500 0.542083 0.077500 0.044167
fruit 0.303750 0.556250 0.090000 0.059167
fruit 0.338125 0.775417 0.063750 0.022500
leaf 0.355000 0.589167 0.135000 0.075000
leaf 0.583750 0.500417 0.120000 0.165833
leaf 0.615625 0.674583 0.231250 0.242500
leaf 0.341875 0.312500 0.063750 0.086667
leaf 0.194375 0.433750 0.326250 0.204167
leaf 0.657500 0.241667 0.452500 0.143333
leaf 0.573125 0.120000 0.331250 0.155000
stem 0.339375 0.151667 0.123750 0.040000
stem 0.391875 0.352083 0.053750 0.342500
stem 0.265625 0.640833 0.048750 0.045000
stem 0.370000 0.706667 0.242500 0.111667
stem 0.528125 0.843750 0.086250 0.129167
