fruit 0.245000 0.095833 0.077500 0.035000
fruit 0.178750 0.119583 0.067500 0.035833
fruit 0.161875 0.152083 0.061250 0.049167
fruit 0.446875 0.192917 0.066250 0.040833
fruit 0.496875 0.159583 0.073750 0.035833
fruit 0.542500 0.170000 0.050000 0.043333
fruit 0.807500 0.155000 0.132500 0.056667
fruit 0.601875 0.434583 0.068750 0.037500
fruit 0.215000 0.556667 0.047500 0.040000
leaf 0.231250 0.145417 0.037500 0.035833
leaf 0.305625 0.473333 0.151250 0.130000
leaf 0.253750 0.566250 0.062500 0.050833
leaf 0.165625 0.552083 0.096250 0.179167
leaf 0.353750 0.697500 0.220000 0.160000
leaf 0.520000 0.480417 0.060000 0.145833
leaf 0.636250 0.456667 0.157500 0.106667
leaf 0.762500 0.537500 0.155000 0.203333
leaf 0.845625 0.432917 0.068750 0.100833
leaf 0.757500 0.295417 0.072500 0.064167
leaf 0.781250 0.247083 0.077500 0.067500
stem 0.241250 0.317500 0.035000 0.298333
stem 0.230000 0.451667 0.012500 0.105000
stem 0.177500 0.684583 0.025000 0.085833
stem 0.487500 0.748333 0.032500 0.086667
stem 0.488125 0.626250 0.041250 0.144167
stem 0.481875 0.319167 0.083750 0.206667
stem 0.457500 0.541250 0.065000 0.247500
stem 0.820000 0.677917 0.030000 0.077500
stem 0.813125 0.370833 0.028750 0.081667
stem 0.794375 0.299583 0.013750 0.034167
