flower 0.545625 0.286667 0.063750 0.050000
flower 0.502500 0.260833 0.057500 0.050000
flower 0.445000 0.250833 0.110000 0.041667
flower 0.452500 0.322500 0.087500 0.048333
flower 0.495000 0.409583 0.070000 0.047500
flower 0.343750 0.222500 0.087500 0.041667
flower 0.235000 0.236250 0.070000 0.045833
flower 0.284375 0.280000 0.073750 0.041667
flower 0.360625 0.369583 0.068750 0.039167
flower 0.261875 0.429167 0.068750 0.025000
flower 0.255000 0.382500 0.047500 0.038333
flower 0.204375 0.415417 0.046250 0.062500
flower 0.135625 0.423750 0.048750 0.029167
leaf 0.716250 0.455000 0.567500 0.903333
leaf 0.256250 0.478333 0.510000 0.846667
