flower 0.483125 0.183333 0.058750 0.040000
flower 0.445000 0.136667 0.100000 0.085000
flower 0.208125 0.508750 0.051250 0.024167
flower 0.168750 0.492917 0.075000 0.037500
flower 0.181875 0.456667 0.051250 0.043333
flower 0.245000 0.459583 0.055000 0.034167
flower 0.416875 0.602917 0.073750 0.060833
flower 0.364375 0.597500 0.066250 0.063333
flower 0.304375 0.592083 0.091250 0.115833
flower 0.243750 0.602500 0.127500 0.103333
leaf 0.209375 0.703333 0.261250 0.090000
leaf 0.623750 0.647917 0.427500 0.180833
leaf 0.209375 0.803333 0.296250 0.165000
leaf 0.165625 0.540417 0.118750 0.039167
leaf 0.407500 0.437500 0.262500 0.123333
leaf 0.302500 0.337083 0.235000 0.125833
leaf 0.228125 0.242083 0.291250 0.107500
leaf 0.604375 0.200833 0.281250 0.171667
leaf 0.313750 0.139583 0.180000 0.172500
stem 0.419375 0.255833 0.043750 0.096667
stem 0.430625 0.345417 0.061250 0.069167
stem 0.498750 0.492500 0.057500 0.081667
stem 0.417500 0.758750 0.130000 0.215833
