flower 0.773750 0.162083 0.042500 0.022500
flower 0.633125 0.095417 0.041250 0.025833
flower 0.620625 0.130833 0.023750 0.023333
flower 0.513750 0.084583 0.062500 0.039167
flower 0.551875 0.045000 0.083750 0.056667
flower 0.420000 0.140833 0.057500 0.035000
flower 0.403750 0.107083 0.042500 0.029167
flower 0.322500 0.133333 0.030000 0.020000
flower 0.301250 0.096250 0.052500 0.029167
flower 0.282500 0.071250 0.045000 0.015833
flower 0.313125 0.223750 0.041250 0.024167
flower 0.270000 0.154583 0.025000 0.012500
flower 0.291250 0.304167 0.040000 0.033333
flower 0.260000 0.310000 0.047500 0.033333
flower 0.254375 0.283333 0.046250 0.038333
flower 0.295625 0.384583 0.046250 0.027500
flower 0.449375 0.425833 0.041250 0.025000
flower 0.426875 0.411250 0.043750 0.032500
flower 0.455625 0.396667 0.066250 0.020000
flower 0.482500 0.370833 0.060000 0.045000
flower 0.505625 0.416667 0.031250 0.023333
flower 0.517500 0.383333 0.015000 0.020000
flower 0.714375 0.493333 0.041250 0.026667
flower 0.663125 0.472500 0.026250 0.018333
flower 0.541250 0.550417 0.042500 0.034167
flower 0.543750 0.524167 0.067500 0.031667
flower 0.585625 0.500417 0.056250 0.047500
flower 0.546875 0.503750 0.051250 0.035833
flower 0.715625 0.305000 0.058750 0.036667
flower 0.848750 0.334583 0.050000 0.034167
flower 0.781875 0.264583 0.061250 0.035833
flower 0.835000 0.290000 0.082500 0.051667
flower 0.528750 0.195417 0.022500 0.017500
leaf 0.563750 0.140000 0.117500 0.105000
leaf 0.326250 0.160417 0.045000 0.047500
leaf 0.226875 0.159583 0.178750 0.095833
leaf 0.345000 0.254167 0.105000 0.085000
leaf 0.430000 0.285417 0.105000 0.094167
leaf 0.343750 0.331667 0.080000 0.060000
leaf 0.246875 0.382083 0.121250 0.102500
leaf 0.333125 0.397500 0.066250 0.068333
leaf 0.203750 0.544583 0.135000 0.062500
leaf 0.333125 0.490833 0.083750 0.088333
leaf 0.321250 0.588750 0.112500 0.075833
leaf 0.802500 0.665417 0.090000 0.087500
leaf 0.678750 0.526250 0.075000 0.079167
leaf 0.468125 0.471667 0.111250 0.098333
leaf 0.550625 0.469583 0.121250 0.039167
leaf 0.872500 0.400000 0.100000 0.078333
leaf 0.741875 0.367500 0.111250 0.098333
stem 0.760625 0.151250 0.253750 0.064167
stem 0.580625 0.082500 0.051250 0.018333
stem 0.561250 0.105833 0.030000 0.041667
stem 0.378125 0.147917 0.038750 0.065833
stem 0.490000 0.212917 0.237500 0.052500
stem 0.399375 0.581250 0.051250 0.515833
stem 0.433750 0.580000 0.120000 0.123333
stem 0.795000 0.393333 0.050000 0.053333
stem 0.769375 0.486250 0.061250 0.155833
stem 0.674375 0.669583 0.171250 0.207500
