flower 0.720625 0.225417 0.111250 0.042500
flower 0.718750 0.186667 0.092500 0.043333
flower 0.676875 0.171667 0.066250 0.056667
flower 0.633125 0.177500 0.076250 0.068333
flower 0.602500 0.197500 0.057500 0.068333
leaf 0.804375 0.200833 0.371250 0.213333
leaf 0.501250 0.172083 0.227500 0.140833
leaf 0.468125 0.268333 0.281250 0.100000
leaf 0.764375 0.404583 0.346250 0.189167
leaf 0.451875 0.387083 0.286250 0.139167
leaf 0.435625 0.514167 0.303750 0.130000
leaf 0.758125 0.632917 0.341250 0.270833
leaf 0.427500 0.659167 0.305000 0.158333
leaf 0.563750 0.810417 0.230000 0.147500
