flower 0.388125 0.235833 0.023750 0.015000
flower 0.361875 0.262500 0.018750 0.011667
flower 0.366875 0.236250 0.021250 0.015833
flower 0.435625 0.283750 0.048750 0.020833
flower 0.396250 0.288750 0.032500 0.022500
flower 0.650625 0.390417 0.021250 0.014167
flower 0.618750 0.382917 0.020000 0.012500
flower 0.630625 0.514583 0.023750 0.022500
flower 0.576875 0.519167 0.036250 0.020000
flower 0.665000 0.327917 0.020000 0.017500
flower 0.651250 0.312917 0.027500 0.015833
flower 0.679375 0.269167 0.036250 0.025000
flower 0.653750 0.257500 0.042500 0.021667
flower 0.621875 0.703333 0.021250 0.025000
flower 0.601250 0.700000 0.020000 0.013333
leaf 0.476250 0.144167 0.222500 0.198333
leaf 0.308750 0.170000 0.057500 0.056667
leaf 0.292500 0.211250 0.140000 0.062500
leaf 0.768750 0.170417 0.200000 0.187500
leaf 0.570000 0.224167 0.195000 0.165000
leaf 0.670000 0.196250 0.050000 0.067500
leaf 0.358125 0.170417 0.053750 0.030833
leaf 0.543750 0.326250 0.222500 0.135833
leaf 0.666875 0.334167 0.083750 0.100000
leaf 0.801250 0.348750 0.247500 0.104167
flower 0.643750 0.427500 0.017500 0.008333
flower 0.598750 0.443333 0.020000 0.026667
leaf 0.628750 0.455000 0.080000 0.063333
leaf 0.270625 0.372083 0.271250 0.147500
leaf 0.216250 0.295417 0.280000 0.105833
leaf 0.356250 0.694167 0.467500 0.116667
leaf 0.778750 0.652500 0.292500 0.108333
stem 0.607500 0.605417 0.027500 0.167500
stem 0.598125 0.489583 0.023750 0.042500
stem 0.554375 0.428333 0.071250 0.070000
stem 0.621250 0.407500 0.022500 0.038333
stem 0.435625 0.311667 0.033750 0.026667
stem 0.390625 0.268333 0.028750 0.026667
stem 0.350625 0.225417 0.021250 0.022500
stem 0.611875 0.724167 0.021250 0.033333
