flower 0.433125 0.318333 0.056250 0.020000
flower 0.361875 0.368333 0.021250 0.010000
flower 0.891250 0.560833 0.032500 0.036667
leaf 0.236875 0.164583 0.093750 0.092500
leaf 0.097500 0.184167 0.160000 0.081667
leaf 0.091250 0.259583 0.150000 0.062500
leaf 0.200625 0.385000 0.068750 0.088333
leaf 0.105000 0.391667 0.117500 0.113333
leaf 0.528125 0.312083 0.138750 0.104167
leaf 0.606250 0.395833 0.107500 0.065000
leaf 0.521250 0.414167 0.097500 0.080000
leaf 0.386250 0.442083 0.062500 0.042500
leaf 0.341875 0.401667 0.051250 0.036667
leaf 0.500000 0.486250 0.060000 0.049167
leaf 0.305000 0.500000 0.095000 0.043333
leaf 0.402500 0.555833 0.067500 0.065000
leaf 0.819375 0.522917 0.078750 0.029167
leaf 0.831875 0.493750 0.088750 0.029167
leaf 0.775625 0.463750 0.033750 0.079167
leaf 0.725625 0.474583 0.093750 0.065833
leaf 0.741250 0.527917 0.062500 0.037500
leaf 0.856875 0.552500 0.101250 0.011667
leaf 0.935000 0.592917 0.100000 0.075833
leaf 0.765000 0.672083 0.092500 0.054167
leaf 0.751250 0.735000 0.105000 0.061667
leaf 0.873125 0.743750 0.133750 0.075833
stem 0.474375 0.378750 0.111250 0.034167
stem 0.417500 0.463333 0.112500 0.023333
stem 0.361250 0.494583 0.032500 0.057500
stem 0.523125 0.731250 0.336250 0.289167
stem 0.786875 0.602500 0.171250 0.081667
