flower 0.510625 0.294583 0.323750 0.142500
flower 0.508125 0.212917 0.046250 0.039167
leaf 0.113750 0.622500 0.152500 0.165000
leaf 0.351875 0.720000 0.258750 0.156667
leaf 0.496250 0.577917 0.412500 0.239167
leaf 0.189375 0.495000 0.226250 0.276667
leaf 0.240000 0.435000 0.202500 0.176667
leaf 0.198125 0.300000 0.351250 0.375000
leaf 0.631250 0.303333 0.300000 0.140000
leaf 0.723125 0.348333 0.203750 0.030000
leaf 0.696875 0.417083 0.356250 0.110833
leaf 0.650625 0.515417 0.573750 0.210833
stem 0.415625 0.409583 0.066250 0.069167
stem 0.377500 0.491667 0.060000 0.090000
stem 0.330000 0.578750 0.052500 0.099167
stem 0.253750 0.690417 0.067500 0.082500
stem 0.215000 0.762083 0.055000 0.070833
