flower 0.699375 0.182083 0.083750 0.060833
flower 0.852500 0.240417 0.042500 0.024167
flower 0.853750 0.220417 0.030000 0.025833
flower 0.810625 0.222917 0.041250 0.032500
flower 0.439375 0.185833 0.061250 0.031667
flower 0.432500 0.239167 0.055000 0.025000
flower 0.440625 0.214167 0.041250 0.025000
flower 0.179375 0.280833 0.028750 0.021667
flower 0.264375 0.292083 0.041250 0.019167
flower 0.303125 0.257917 0.048750 0.020833
flower 0.355000 0.252917 0.045000 0.029167
flower 0.343750 0.226250 0.042500 0.034167
flower 0.381875 0.201667 0.061250 0.033333
flower 0.393125 0.237500 0.048750 0.038333
flower 0.581875 0.355417 0.031250 0.022500
flower 0.599375 0.322083 0.046250 0.035833
flower 0.567500 0.325000 0.042500 0.036667
flower 0.523125 0.332083 0.056250 0.027500
flower 0.524375 0.307500 0.056250 0.028333
leaf 0.680625 0.643333 0.098750 0.020000
leaf 0.443750 0.703750 0.037500 0.014167
leaf 0.294375 0.719167 0.018750 0.016667
leaf 0.472500 0.578750 0.037500 0.029167
leaf 0.150000 0.530417 0.040000 0.032500
leaf 0.872500 0.515417 0.085000 0.059167
leaf 0.545625 0.459167 0.121250 0.053333
leaf 0.566875 0.380000 0.101250 0.016667
leaf 0.339375 0.374583 0.033750 0.024167
leaf 0.206875 0.347500 0.026250 0.020000
leaf 0.181250 0.339583 0.022500 0.017500
leaf 0.130000 0.337083 0.032500 0.024167
leaf 0.271875 0.269167 0.018750 0.023333
leaf 0.290000 0.233333 0.022500 0.023333
leaf 0.630000 0.344167 0.027500 0.048333
leaf 0.642500 0.316250 0.045000 0.015833
leaf 0.736875 0.335000 0.128750 0.026667
leaf 0.872500 0.307500 0.082500 0.080000
leaf 0.797500 0.285417 0.082500 0.032500
leaf 0.821250 0.253333 0.032500 0.023333
leaf 0.792500 0.184583 0.067500 0.047500
leaf 0.725000 0.200000 0.042500 0.016667
stem 0.774375 0.247917 0.033750 0.074167
stem 0.813750 0.310417 0.052500 0.060833
stem 0.819375 0.464167 0.036250 0.246667
stem 0.620625 0.425833 0.021250 0.088333
stem 0.572500 0.412917 0.035000 0.070833
stem 0.615000 0.589583 0.035000 0.234167
stem 0.228750 0.247917 0.102500 0.035833
stem 0.222500 0.295833 0.067500 0.068333
stem 0.149375 0.300000 0.028750 0.050000
stem 0.146875 0.432083 0.076250 0.167500
stem 0.203125 0.631667 0.136250 0.170000
stem 0.331250 0.781250 0.097500 0.112500
stem 0.471250 0.784583 0.047500 0.152500
stem 0.310625 0.342917 0.036250 0.037500
stem 0.393750 0.540833 0.117500 0.311667
stem 0.476875 0.647083 0.051250 0.099167
root 0.547500 0.755833 0.092500 0.088333
leaf 0.390625 0.851667 0.066250 0.040000
leaf 0.458750 0.878333 0.020000 0.031667
stem 0.454375 0.905000 0.081250 0.053333
