fruit 0.696875 0.711250 0.063750 0.040833
fruit 0.281875 0.384583 0.068750 0.035833
fruit 0.423125 0.217917 0.051250 0.042500
fruit 0.344375 0.242917 0.063750 0.042500
leaf 0.663750 0.130833 0.052500 0.035000
leaf 0.548750 0.091250 0.122500 0.070833
leaf 0.435625 0.144167 0.088750 0.075000
leaf 0.657500 0.190417 0.077500 0.052500
leaf 0.390625 0.226667 0.111250 0.081667
leaf 0.314375 0.280417 0.123750 0.045833
leaf 0.587500 0.262500 0.087500 0.071667
leaf 0.653125 0.322500 0.136250 0.041667
leaf 0.484375 0.316667 0.158750 0.055000
leaf 0.476875 0.364167 0.098750 0.051667
leaf 0.583125 0.367917 0.113750 0.070833
leaf 0.513750 0.440000 0.132500 0.085000
leaf 0.563750 0.487083 0.047500 0.042500
leaf 0.252500 0.371667 0.090000 0.056667
leaf 0.228750 0.444583 0.072500 0.039167
leaf 0.616875 0.674583 0.068750 0.087500
leaf 0.470625 0.668750 0.066250 0.062500
leaf 0.384375 0.687083 0.106250 0.097500
leaf 0.500625 0.743750 0.181250 0.075833
leaf 0.572500 0.824167 0.107500 0.088333
stem 0.581875 0.182917 0.056250 0.082500
stem 0.401875 0.302500 0.023750 0.048333
stem 0.366250 0.391667 0.107500 0.105000
stem 0.273750 0.563750 0.105000 0.194167
stem 0.616250 0.432083 0.065000 0.052500
stem 0.515000 0.570833 0.390000 0.126667
stem 0.616875 0.754167 0.043750 0.045000
stem 0.196875 0.403333 0.023750 0.036667
leaf 0.500000 0.235000 0.100000 0.075000
leaf 0.521250 0.162083 0.082500 0.065833
stem 0.541250 0.668750 0.065000 0.069167
