flower 0.487500 0.204167 0.050000 0.035000
flower 0.461250 0.217917 0.045000 0.027500
leaf 0.470000 0.252083 0.102500 0.050833
leaf 0.501875 0.323333 0.201250 0.118333
leaf 0.616875 0.241250 0.098750 0.139167
leaf 0.682500 0.336667 0.127500 0.160000
leaf 0.493750 0.482500 0.287500 0.158333
leaf 0.437500 0.573750 0.322500 0.154167
leaf 0.423750 0.680000 0.320000 0.115000
leaf 0.840000 0.600000 0.270000 0.131667
leaf 0.770625 0.472083 0.193750 0.275833
leaf 0.661250 0.785833 0.082500 0.028333
stem 0.658125 0.593333 0.048750 0.361667
