flower 0.399375 0.315833 0.088750 0.095000
leaf 0.293750 0.152083 0.297500 0.245833
leaf 0.650000 0.196250 0.442500 0.232500
leaf 0.538125 0.421667 0.241250 0.170000
leaf 0.395000 0.558333 0.202500 0.160000
leaf 0.790625 0.505833 0.248750 0.285000
leaf 0.748125 0.681667 0.163750 0.071667
leaf 0.370000 0.751250 0.287500 0.150833
stem 0.473750 0.323333 0.067500 0.020000
stem 0.268750 0.530417 0.052500 0.084167
stem 0.345625 0.405417 0.081250 0.155833
stem 0.584375 0.705000 0.141250 0.190000
leaf 0.659375 0.550833 0.111250 0.110000
leaf 0.436250 0.867083 0.240000 0.120833
