flower 0.368750 0.683750 0.062500 0.029167
flower 0.470000 0.507083 0.037500 0.030833
flower 0.725000 0.257500 0.027500 0.025000
flower 0.565000 0.472917 0.027500 0.019167
flower 0.701250 0.112500 0.042500 0.018333
leaf 0.398750 0.066250 0.030000 0.030833
leaf 0.358750 0.084583 0.037500 0.024167
leaf 0.375625 0.060000 0.028750 0.016667
leaf 0.534375 0.242917 0.058750 0.054167
flower 0.833125 0.278333 0.028750 0.020000
leaf 0.731250 0.335417 0.017500 0.019167
leaf 0.717500 0.356250 0.037500 0.024167
leaf 0.600625 0.317917 0.033750 0.027500
leaf 0.636250 0.344583 0.035000 0.025833
leaf 0.671875 0.368333 0.048750 0.026667
leaf 0.703750 0.450000 0.025000 0.021667
leaf 0.626250 0.433333 0.047500 0.020000
leaf 0.601250 0.414583 0.065000 0.024167
leaf 0.626875 0.479583 0.051250 0.022500
leaf 0.581875 0.509167 0.063750 0.023333
leaf 0.533750 0.560000 0.030000 0.038333
leaf 0.707500 0.701250 0.062500 0.029167
leaf 0.695000 0.727917 0.015000 0.019167
leaf 0.653125 0.750417 0.028750 0.024167
leaf 0.627500 0.728750 0.060000 0.020833
leaf 0.516250 0.710833 0.055000 0.021667
leaf 0.606875 0.781667 0.033750 0.018333
leaf 0.577500 0.788333 0.035000 0.020000
leaf 0.520000 0.774583 0.032500 0.034167
leaf 0.243750 0.605417 0.037500 0.030833
leaf 0.282500 0.593333 0.057500 0.041667
leaf 0.192500 0.578750 0.040000 0.020833
leaf 0.248125 0.556667 0.053750 0.031667
leaf 0.348750 0.536667 0.062500 0.028333
leaf 0.467500 0.525833 0.040000 0.011667
leaf 0.521875 0.509583 0.051250 0.037500
leaf 0.350625 0.467917 0.053750 0.025833
leaf 0.408750 0.465417 0.045000 0.039167
leaf 0.471875 0.443750 0.061250 0.029167
leaf 0.143125 0.470000 0.041250 0.036667
leaf 0.121250 0.435833 0.085000 0.031667
leaf 0.113750 0.399583 0.075000 0.032500
leaf 0.141875 0.346250 0.038750 0.039167
leaf 0.123125 0.293750 0.036250 0.029167
leaf 0.189375 0.268333 0.026250 0.036667
leaf 0.248750 0.304167 0.042500 0.025000
leaf 0.361875 0.426250 0.033750 0.022500
leaf 0.370625 0.395417 0.081250 0.045833
leaf 0.270000 0.334167 0.037500 0.030000
leaf 0.265000 0.281667 0.022500 0.023333
leaf 0.318750 0.285417 0.052500 0.034167
leaf 0.309375 0.222083 0.038750 0.027500
leaf 0.357500 0.252500 0.052500 0.028333
leaf 0.403125 0.264583 0.041250 0.034167
leaf 0.403125 0.229583 0.031250 0.020833
leaf 0.270625 0.252500 0.018750 0.021667
stem 0.404375 0.149167 0.033750 0.135000
stem 0.323125 0.179583 0.043750 0.064167
stem 0.753750 0.169167 0.045000 0.145000
stem 0.662500 0.266667 0.080000 0.050000
stem 0.758750 0.331667 0.040000 0.091667
stem 0.786250 0.441250 0.137500 0.124167
stem 0.687500 0.415000 0.057500 0.043333
stem 0.526875 0.471667 0.061250 0.033333
stem 0.417500 0.517500 0.060000 0.060000
stem 0.551250 0.637083 0.077500 0.110833
stem 0.530625 0.743333 0.151250 0.036667
stem 0.555000 0.710417 0.032500 0.025833
stem 0.205625 0.631667 0.056250 0.085000
stem 0.123125 0.546667 0.093750 0.093333
stem 0.313750 0.560417 0.072500 0.017500
stem 0.191875 0.430000 0.056250 0.263333
stem 0.096875 0.372917 0.036250 0.039167
stem 0.161875 0.308333 0.028750 0.050000
stem 0.268750 0.469167 0.095000 0.038333
stem 0.272500 0.379167 0.107500 0.065000
stem 0.488750 0.371250 0.170000 0.119167
leaf 0.800625 0.316667 0.038750 0.021667
leaf 0.432500 0.725000 0.040000 0.020000
leaf 0.533750 0.803750 0.050000 0.024167
leaf 0.285625 0.535000 0.031250 0.020000
