stem 0.458750 0.523333 0.172500 0.413333
stem 0.387500 0.270000 0.040000 0.088333
stem 0.411875 0.205000 0.013750 0.023333
stem 0.576875 0.235000 0.018750 0.016667
leaf 0.655000 0.511667 0.152500 0.091667
leaf 0.637500 0.321250 0.145000 0.115833
leaf 0.370000 0.166667 0.072500 0.126667
flower 0.435625 0.137917 0.103750 0.094167
flower 0.647500 0.109583 0.072500 0.072500
flower 0.585625 0.110000 0.021250 0.076667
flower 0.698125 0.129583 0.068750 0.042500
leaf 0.482500 0.251667 0.142500 0.126667
leaf 0.678750 0.230417 0.235000 0.070833
leaf 0.645000 0.137917 0.120000 0.120833
leaf 0.539375 0.130833 0.086250 0.121667
