flower 0.267500 0.133333 0.057500 0.030000
flower 0.835625 0.195417 0.028750 0.030833
leaf 0.336875 0.082500 0.268750 0.070000
leaf 0.385000 0.328333 0.070000 0.026667
leaf 0.437500 0.295417 0.065000 0.072500
leaf 0.203750 0.286667 0.297500 0.131667
leaf 0.138750 0.207083 0.112500 0.057500
leaf 0.145625 0.137500 0.118750 0.071667
leaf 0.418750 0.418333 0.062500 0.060000
leaf 0.521875 0.342917 0.086250 0.084167
leaf 0.740625 0.368750 0.078750 0.050833
leaf 0.620625 0.350000 0.063750 0.040000
leaf 0.872500 0.285833 0.062500 0.050000
leaf 0.901875 0.184583 0.108750 0.104167
leaf 0.655000 0.092917 0.145000 0.070833
stem 0.342500 0.396667 0.070000 0.106667
stem 0.329375 0.330000 0.041250 0.026667
stem 0.419375 0.362917 0.078750 0.040833
stem 0.563125 0.677083 0.423750 0.552500
leaf 0.325000 0.181250 0.225000 0.154167
leaf 0.735000 0.318750 0.225000 0.065833
leaf 0.773125 0.212083 0.148750 0.154167
leaf 0.516875 0.190833 0.161250 0.206667
leaf 0.651250 0.205417 0.135000 0.174167
