flower 0.399375 0.178750 0.103750 0.069167
flower 0.820000 0.659167 0.122500 0.073333
leaf 0.392500 0.301667 0.105000 0.061667
leaf 0.277500 0.258750 0.155000 0.110833
leaf 0.563750 0.240833 0.220000 0.166667
leaf 0.399375 0.154167 0.188750 0.156667
leaf 0.730625 0.370000 0.233750 0.173333
leaf 0.545000 0.499167 0.127500 0.098333
leaf 0.732500 0.493750 0.260000 0.140833
stem 0.348125 0.482500 0.153750 0.281667
stem 0.369375 0.252500 0.026250 0.038333
stem 0.758125 0.590000 0.071250 0.073333
stem 0.538125 0.753750 0.186250 0.400833
