flower 0.435625 0.197083 0.108750 0.070833
leaf 0.794375 0.258333 0.061250 0.066667
leaf 0.865000 0.264167 0.070000 0.055000
leaf 0.848750 0.328333 0.027500 0.056667
leaf 0.798125 0.360833 0.043750 0.036667
leaf 0.538125 0.349167 0.056250 0.041667
leaf 0.531250 0.377083 0.037500 0.040833
leaf 0.459375 0.357500 0.063750 0.088333
leaf 0.510000 0.438750 0.042500 0.027500
leaf 0.496875 0.333333 0.043750 0.026667
leaf 0.225625 0.480000 0.116250 0.070000
leaf 0.325000 0.502917 0.035000 0.049167
stem 0.413750 0.490833 0.147500 0.158333
stem 0.295000 0.522083 0.047500 0.025833
stem 0.331250 0.530833 0.030000 0.011667
stem 0.315000 0.472500 0.060000 0.025000
stem 0.318750 0.426667 0.045000 0.035000
stem 0.664375 0.407083 0.193750 0.124167
stem 0.788750 0.416667 0.045000 0.071667
stem 0.347500 0.397917 0.025000 0.025833
stem 0.175000 0.408750 0.045000 0.022500
stem 0.813125 0.367917 0.018750 0.025833
stem 0.760000 0.255000 0.020000 0.050000
stem 0.743125 0.314167 0.031250 0.065000
stem 0.706875 0.338333 0.038750 0.016667
stem 0.505000 0.295000 0.022500 0.023333
stem 0.516250 0.319583 0.022500 0.017500
stem 0.679375 0.608333 0.373750 0.278333
leaf 0.395000 0.376667 0.110000 0.070000
leaf 0.192500 0.437083 0.045000 0.022500
leaf 0.260000 0.419583 0.085000 0.047500
leaf 0.268125 0.326250 0.118750 0.137500
leaf 0.171250 0.342917 0.092500 0.100833
leaf 0.092500 0.395000 0.105000 0.111667
leaf 0.378125 0.274583 0.118750 0.079167
leaf 0.805000 0.309167 0.050000 0.031667
leaf 0.499375 0.245417 0.121250 0.082500
leaf 0.585625 0.306667 0.101250 0.081667
leaf 0.698750 0.300000 0.115000 0.090000
leaf 0.623750 0.233750 0.127500 0.062500
leaf 0.770000 0.167500 0.175000 0.091667
leaf 0.698125 0.229167 0.038750 0.028333
leaf 0.594375 0.166667 0.203750 0.081667
