flower 0.280000 0.489583 0.022500 0.015833
flower 0.261250 0.502083 0.012500 0.004167
flower 0.698750 0.605833 0.022500 0.013333
flower 0.453125 0.459583 0.023750 0.015833
flower 0.458750 0.442083 0.020000 0.012500
flower 0.436250 0.430417 0.022500 0.014167
flower 0.463750 0.423333 0.017500 0.010000
flower 0.503125 0.431667 0.028750 0.033333
leaf 0.113125 0.361667 0.118750 0.198333
leaf 0.286875 0.327083 0.106250 0.172500
leaf 0.411250 0.271667 0.142500 0.138333
leaf 0.537500 0.262917 0.110000 0.139167
leaf 0.568750 0.349167 0.162500 0.088333
leaf 0.880000 0.476250 0.117500 0.174167
leaf 0.703125 0.490833 0.098750 0.151667
leaf 0.566250 0.439167 0.152500 0.116667
leaf 0.521875 0.522500 0.156250 0.098333
leaf 0.303750 0.609167 0.115000 0.180000
leaf 0.136250 0.666250 0.120000 0.200833
stem 0.350625 0.471250 0.183750 0.020833
stem 0.225000 0.500000 0.047500 0.023333
stem 0.463125 0.486250 0.058750 0.035833
stem 0.398750 0.549583 0.065000 0.042500
stem 0.577500 0.671250 0.380000 0.187500
