fruit 0.842500 0.201250 0.130000 0.070833
fruit 0.120000 0.530417 0.222500 0.514167
leaf 0.725000 0.622917 0.085000 0.079167
leaf 0.360625 0.643750 0.143750 0.049167
leaf 0.346875 0.513750 0.043750 0.040833
leaf 0.630000 0.389167 0.087500 0.045000
leaf 0.596250 0.325000 0.057500 0.068333
leaf 0.382500 0.216667 0.102500 0.040000
leaf 0.251250 0.109583 0.062500 0.069167
leaf 0.125000 0.205833 0.185000 0.108333
leaf 0.251250 0.180000 0.117500 0.090000
leaf 0.338750 0.131250 0.110000 0.130833
stem 0.340000 0.339583 0.157500 0.204167
stem 0.789375 0.336667 0.146250 0.223333
stem 0.582500 0.422083 0.030000 0.109167
stem 0.391250 0.584167 0.080000 0.085000
stem 0.561250 0.803750 0.240000 0.289167
stem 0.172500 0.891667 0.202500 0.208333
