fruit 0.520625 0.651667 0.028750 0.040000
fruit 0.562500 0.666667 0.025000 0.040000
fruit 0.776875 0.718750 0.021250 0.022500
fruit 0.810000 0.493333 0.037500 0.033333
leaf 0.545000 0.266250 0.427500 0.299167
leaf 0.867500 0.210833 0.252500 0.406667
leaf 0.266875 0.370000 0.418750 0.486667
stem 0.770000 0.455000 0.042500 0.076667
stem 0.595000 0.464583 0.097500 0.132500
stem 0.785000 0.607917 0.067500 0.190833
stem 0.701250 0.755417 0.127500 0.089167
stem 0.349375 0.742500 0.241250 0.266667
stem 0.531875 0.795417 0.058750 0.222500
