flower 0.140000 0.306667 0.047500 0.020000
fruit 0.207500 0.194583 0.035000 0.025833
fruit 0.170000 0.203333 0.027500 0.018333
fruit 0.263125 0.141667 0.026250 0.016667
fruit 0.365625 0.100000 0.018750 0.016667
fruit 0.607500 0.070417 0.030000 0.029167
fruit 0.565625 0.093333 0.028750 0.026667
fruit 0.748125 0.080833 0.026250 0.025000
fruit 0.865000 0.702083 0.030000 0.019167
fruit 0.891250 0.715833 0.025000 0.020000
fruit 0.763125 0.654167 0.026250 0.028333
fruit 0.676875 0.623333 0.021250 0.030000
fruit 0.647500 0.617917 0.020000 0.020833
flower 0.532500 0.059583 0.012500 0.017500
leaf 0.928750 0.125000 0.082500 0.046667
fruit 0.825000 0.035833 0.025000 0.021667
fruit 0.748750 0.037083 0.032500 0.022500
leaf 0.887500 0.062917 0.122500 0.085833
leaf 0.768125 0.102917 0.081250 0.040833
leaf 0.788750 0.042917 0.052500 0.050833
leaf 0.729375 0.060417 0.051250 0.047500
leaf 0.683125 0.080417 0.063750 0.052500
leaf 0.615000 0.131667 0.142500 0.048333
leaf 0.627500 0.085417 0.057500 0.040833
leaf 0.506250 0.087500 0.070000 0.081667
leaf 0.568750 0.063750 0.055000 0.040833
leaf 0.395000 0.199583 0.055000 0.030833
leaf 0.457500 0.175417 0.082500 0.070833
leaf 0.373125 0.170417 0.063750 0.017500
leaf 0.416875 0.110417 0.091250 0.067500
leaf 0.343125 0.132917 0.103750 0.072500
leaf 0.268750 0.149583 0.075000 0.057500
leaf 0.240000 0.207500 0.097500 0.076667
leaf 0.170000 0.211667 0.080000 0.068333
leaf 0.210625 0.282083 0.191250 0.072500
leaf 0.361875 0.310000 0.073750 0.048333
leaf 0.303750 0.322917 0.055000 0.035833
leaf 0.215625 0.347917 0.051250 0.045833
leaf 0.203750 0.401667 0.055000 0.050000
leaf 0.147500 0.368333 0.082500 0.096667
leaf 0.123750 0.432083 0.092500 0.050833
leaf 0.078750 0.370000 0.085000 0.068333
leaf 0.860000 0.700417 0.080000 0.052500
leaf 0.881250 0.756250 0.095000 0.059167
leaf 0.773125 0.680417 0.078750 0.029167
leaf 0.696875 0.710000 0.046250 0.045000
leaf 0.708125 0.650000 0.066250 0.060000
leaf 0.659375 0.647917 0.028750 0.042500
leaf 0.608750 0.653750 0.075000 0.032500
leaf 0.199375 0.673333 0.076250 0.040000
leaf 0.285000 0.632917 0.100000 0.067500
leaf 0.146250 0.556667 0.182500 0.151667
leaf 0.263750 0.582083 0.047500 0.034167
leaf 0.290000 0.517500 0.105000 0.085000
leaf 0.385000 0.585417 0.140000 0.079167
leaf 0.405625 0.494583 0.118750 0.104167
leaf 0.668750 0.532083 0.097500 0.085833
leaf 0.500000 0.588333 0.085000 0.066667
leaf 0.566250 0.589583 0.057500 0.054167
leaf 0.630000 0.594583 0.075000 0.034167
leaf 0.578125 0.518333 0.101250 0.083333
leaf 0.505625 0.501667 0.068750 0.106667
stem 0.836875 0.377917 0.236250 0.452500
stem 0.631875 0.316250 0.171250 0.324167
stem 0.478750 0.327500 0.125000 0.220000
stem 0.381250 0.252083 0.070000 0.067500
stem 0.344375 0.376667 0.153750 0.066667
stem 0.243750 0.454583 0.107500 0.042500
stem 0.438750 0.822917 0.355000 0.307500
stem 0.713750 0.791250 0.202500 0.110833
stem 0.560000 0.654583 0.032500 0.030833
stem 0.453750 0.645417 0.027500 0.035833
