fruit 0.255000 0.342917 0.227500 0.104167
fruit 0.287500 0.125000 0.315000 0.111667
fruit 0.506875 0.126667 0.201250 0.083333
fruit 0.639375 0.084167 0.036250 0.045000
leaf 0.683750 0.195833 0.102500 0.055000
leaf 0.645625 0.143333 0.128750 0.073333
leaf 0.516250 0.148333 0.135000 0.078333
leaf 0.362500 0.185417 0.172500 0.094167
leaf 0.491875 0.229583 0.136250 0.074167
leaf 0.538750 0.295000 0.182500 0.060000
leaf 0.385000 0.327917 0.045000 0.049167
leaf 0.373750 0.374583 0.067500 0.047500
leaf 0.516875 0.443750 0.103750 0.049167
leaf 0.487500 0.370000 0.127500 0.095000
leaf 0.443750 0.548750 0.097500 0.055833
leaf 0.640000 0.506667 0.050000 0.023333
leaf 0.673125 0.555833 0.031250 0.025000
leaf 0.706250 0.529167 0.050000 0.031667
leaf 0.621250 0.532500 0.060000 0.021667
leaf 0.684375 0.607083 0.103750 0.072500
leaf 0.560000 0.775000 0.142500 0.113333
leaf 0.571250 0.665833 0.180000 0.116667
stem 0.576250 0.206667 0.060000 0.046667
stem 0.379375 0.565417 0.021250 0.312500
stem 0.428125 0.805000 0.123750 0.161667
stem 0.610625 0.598333 0.046250 0.030000
stem 0.627500 0.563750 0.050000 0.039167
stem 0.418750 0.441667 0.070000 0.078333
