flower 0.312500 0.196250 0.065000 0.045833
flower 0.547500 0.280000 0.070000 0.043333
flower 0.385625 0.472083 0.061250 0.037500
leaf 0.395000 0.208333 0.095000 0.080000
leaf 0.372500 0.262083 0.035000 0.017500
leaf 0.306875 0.280833 0.058750 0.025000
leaf 0.279375 0.223333 0.091250 0.030000
leaf 0.304375 0.251667 0.061250 0.033333
leaf 0.616875 0.303750 0.073750 0.069167
leaf 0.688125 0.285833 0.068750 0.075000
leaf 0.541875 0.347083 0.106250 0.064167
leaf 0.288750 0.524167 0.052500 0.021667
leaf 0.401875 0.533750 0.091250 0.045833
leaf 0.418125 0.494583 0.066250 0.030833
flower 0.372500 0.499167 0.027500 0.021667
leaf 0.289375 0.497083 0.051250 0.029167
leaf 0.242500 0.451250 0.130000 0.082500
leaf 0.339375 0.439583 0.061250 0.082500
leaf 0.388750 0.445417 0.060000 0.024167
leaf 0.346250 0.319583 0.022500 0.010833
stem 0.356250 0.294167 0.027500 0.045000
stem 0.704375 0.346667 0.086250 0.030000
stem 0.760000 0.382917 0.025000 0.039167
stem 0.768125 0.433333 0.016250 0.050000
root 0.425000 0.337500 0.122500 0.111667
root 0.771250 0.341667 0.047500 0.030000
root 0.804375 0.401667 0.063750 0.011667
root 0.796875 0.456667 0.063750 0.018333
root 0.680000 0.503333 0.207500 0.070000
root 0.279375 0.585833 0.166250 0.108333
