flower 0.645625 0.502083 0.028750 0.020833
flower 0.712500 0.540000 0.052500 0.033333
flower 0.740625 0.459583 0.048750 0.032500
flower 0.777500 0.485417 0.040000 0.027500
flower 0.754375 0.514583 0.031250 0.024167
leaf 0.566250 0.710000 0.317500 0.266667
leaf 0.716250 0.219167 0.197500 0.405000
leaf 0.509375 0.383750 0.446250 0.240833
leaf 0.353125 0.567500 0.656250 0.140000
stem 0.772500 0.555000 0.100000 0.053333
stem 0.676250 0.482917 0.062500 0.017500
stem 0.791875 0.449167 0.026250 0.045000
stem 0.856875 0.517917 0.126250 0.067500
