leaf 0.675000 0.107917 0.102500 0.055833
leaf 0.670625 0.161250 0.078750 0.055833
leaf 0.772500 0.167917 0.130000 0.057500
leaf 0.731875 0.239583 0.101250 0.065833
leaf 0.843750 0.264167 0.120000 0.111667
fruit 0.189375 0.364167 0.033750 0.018333
fruit 0.344375 0.473333 0.036250 0.016667
fruit 0.311250 0.470000 0.025000 0.023333
leaf 0.596250 0.407917 0.132500 0.099167
leaf 0.275000 0.388750 0.170000 0.077500
leaf 0.291875 0.482083 0.086250 0.082500
leaf 0.877500 0.729583 0.172500 0.090833
leaf 0.723750 0.715000 0.125000 0.070000
leaf 0.768750 0.643333 0.152500 0.060000
leaf 0.718125 0.596667 0.146250 0.056667
leaf 0.545000 0.747083 0.135000 0.072500
leaf 0.539375 0.678333 0.121250 0.090000
leaf 0.361250 0.685000 0.147500 0.093333
leaf 0.308125 0.597917 0.168750 0.074167
leaf 0.376875 0.489167 0.083750 0.143333
stem 0.443750 0.177500 0.355000 0.338333
stem 0.393125 0.370417 0.038750 0.140833
stem 0.607500 0.588750 0.050000 0.094167
leaf 0.183125 0.467500 0.138750 0.151667
leaf 0.478750 0.393750 0.100000 0.082500
leaf 0.516875 0.489167 0.191250 0.103333
leaf 0.481250 0.602083 0.150000 0.130833
leaf 0.650625 0.674583 0.088750 0.129167
