flower 0.210000 0.265000 0.057500 0.028333
flower 0.198750 0.239167 0.090000 0.051667
flower 0.251875 0.200417 0.048750 0.064167
flower 0.280000 0.232917 0.035000 0.035833
flower 0.323125 0.277917 0.106250 0.049167
flower 0.388750 0.291250 0.035000 0.039167
flower 0.309375 0.201250 0.081250 0.050833
flower 0.328125 0.240000 0.048750 0.026667
flower 0.385000 0.205833 0.065000 0.045000
flower 0.345625 0.173750 0.043750 0.025833
flower 0.390625 0.159583 0.056250 0.059167
flower 0.438750 0.198750 0.025000 0.012500
flower 0.423125 0.121667 0.058750 0.070000
flower 0.475625 0.121250 0.043750 0.070833
flower 0.458125 0.070000 0.066250 0.038333
flower 0.493125 0.039583 0.066250 0.019167
flower 0.510000 0.054583 0.020000 0.007500
flower 0.417500 0.277917 0.012500 0.007500
flower 0.441875 0.289583 0.013750 0.007500
leaf 0.468125 0.195833 0.071250 0.055000
leaf 0.446250 0.220000 0.050000 0.020000
leaf 0.506875 0.291250 0.061250 0.022500
leaf 0.606875 0.280833 0.073750 0.088333
leaf 0.563125 0.355417 0.181250 0.097500
leaf 0.714375 0.320000 0.068750 0.105000
leaf 0.632500 0.421667 0.220000 0.061667
leaf 0.801875 0.451250 0.028750 0.034167
leaf 0.502500 0.562917 0.252500 0.235833
leaf 0.301250 0.627083 0.152500 0.227500
leaf 0.632500 0.749583 0.232500 0.100833
leaf 0.127500 0.647500 0.252500 0.215000
stem 0.770000 0.605417 0.060000 0.035833
stem 0.844375 0.529167 0.061250 0.103333
stem 0.660000 0.652083 0.155000 0.055833
stem 0.545000 0.687500 0.082500 0.025000
stem 0.425000 0.716667 0.162500 0.050000
stem 0.297500 0.750000 0.095000 0.026667
stem 0.191250 0.773333 0.132500 0.033333
stem 0.779375 0.449583 0.046250 0.047500
stem 0.745000 0.410417 0.035000 0.032500
stem 0.716875 0.387083 0.016250 0.015833
stem 0.664375 0.333750 0.046250 0.049167
stem 0.615625 0.324167 0.053750 0.030000
stem 0.538125 0.279167 0.086250 0.025000
stem 0.420625 0.258750 0.093750 0.019167
stem 0.623750 0.287500 0.027500 0.043333
stem 0.598750 0.247083 0.025000 0.034167
stem 0.560625 0.190417 0.068750 0.095833
stem 0.424375 0.232500 0.128750 0.008333
stem 0.521250 0.099167 0.040000 0.060000
stem 0.475625 0.177917 0.026250 0.044167
leaf 0.461250 0.837917 0.342500 0.157500
leaf 0.200000 0.786667 0.152500 0.081667
leaf 0.648750 0.658333 0.137500 0.078333
leaf 0.730000 0.539167 0.192500 0.153333
