fruit 0.426875 0.312500 0.051250 0.041667
fruit 0.414375 0.345833 0.028750 0.036667
fruit 0.348750 0.506667 0.060000 0.023333
fruit 0.264375 0.583333 0.031250 0.016667
leaf 0.331875 0.067500 0.131250 0.095000
leaf 0.376250 0.136250 0.085000 0.062500
leaf 0.351250 0.180833 0.085000 0.041667
leaf 0.348125 0.225417 0.091250 0.049167
leaf 0.284375 0.307500 0.061250 0.051667
leaf 0.174375 0.287917 0.166250 0.087500
leaf 0.355000 0.317917 0.102500 0.077500
leaf 0.537500 0.240833 0.180000 0.121667
leaf 0.486250 0.319167 0.095000 0.080000
leaf 0.801875 0.253750 0.041250 0.040833
leaf 0.775625 0.283750 0.056250 0.035833
leaf 0.786875 0.327500 0.098750 0.065000
leaf 0.683125 0.272083 0.103750 0.077500
leaf 0.657500 0.332917 0.050000 0.049167
leaf 0.603125 0.312917 0.053750 0.049167
leaf 0.751875 0.385417 0.123750 0.059167
leaf 0.550625 0.367917 0.133750 0.070833
leaf 0.608750 0.445833 0.110000 0.055000
leaf 0.460625 0.391667 0.106250 0.053333
leaf 0.381250 0.405000 0.085000 0.056667
leaf 0.302500 0.430833 0.090000 0.088333
leaf 0.212500 0.421667 0.112500 0.078333
leaf 0.465000 0.454583 0.132500 0.067500
leaf 0.355625 0.463333 0.083750 0.060000
leaf 0.912500 0.477083 0.067500 0.050833
leaf 0.878750 0.558333 0.060000 0.038333
leaf 0.807500 0.485417 0.150000 0.125833
leaf 0.665625 0.520000 0.166250 0.081667
leaf 0.668125 0.582083 0.071250 0.045833
leaf 0.585000 0.561667 0.092500 0.063333
leaf 0.609375 0.632500 0.076250 0.063333
leaf 0.475000 0.614167 0.107500 0.058333
leaf 0.470000 0.531250 0.145000 0.094167
leaf 0.261250 0.557083 0.190000 0.075833
leaf 0.195000 0.490833 0.125000 0.075000
leaf 0.405000 0.727500 0.077500 0.061667
stem 0.309375 0.132500 0.043750 0.061667
stem 0.321250 0.255417 0.037500 0.042500
stem 0.262500 0.352917 0.152500 0.045833
stem 0.714375 0.331667 0.053750 0.040000
stem 0.650625 0.387500 0.078750 0.071667
stem 0.628750 0.490000 0.025000 0.026667
stem 0.769375 0.540833 0.036250 0.038333
stem 0.745625 0.561250 0.083750 0.024167
stem 0.290000 0.496667 0.030000 0.040000
stem 0.370000 0.536667 0.055000 0.030000
stem 0.403125 0.587083 0.031250 0.080833
stem 0.286250 0.678750 0.167500 0.160833
stem 0.429375 0.660833 0.033750 0.070000
stem 0.500000 0.697917 0.120000 0.105833
stem 0.411250 0.836250 0.110000 0.155833
