fruit 0.505625 0.356250 0.038750 0.015833
fruit 0.801250 0.210833 0.057500 0.025000
leaf 0.634375 0.116250 0.108750 0.124167
leaf 0.485625 0.131250 0.148750 0.104167
leaf 0.712500 0.125000 0.067500 0.093333
leaf 0.901875 0.191667 0.131250 0.136667
leaf 0.781250 0.189583 0.135000 0.047500
leaf 0.793750 0.269167 0.097500 0.098333
leaf 0.724375 0.267917 0.041250 0.072500
leaf 0.560000 0.207500 0.155000 0.065000
leaf 0.613125 0.256250 0.101250 0.069167
leaf 0.381250 0.240000 0.160000 0.043333
leaf 0.729375 0.355000 0.066250 0.061667
leaf 0.656875 0.334167 0.128750 0.051667
leaf 0.729375 0.523333 0.046250 0.030000
leaf 0.720000 0.482500 0.052500 0.036667
leaf 0.624375 0.390000 0.181250 0.045000
leaf 0.525000 0.411667 0.045000 0.040000
leaf 0.412500 0.384583 0.217500 0.047500
leaf 0.345000 0.326667 0.192500 0.093333
leaf 0.093125 0.445417 0.183750 0.125833
leaf 0.127500 0.341667 0.130000 0.076667
stem 0.455000 0.305833 0.030000 0.106667
stem 0.686250 0.210417 0.080000 0.034167
stem 0.236250 0.364583 0.052500 0.062500
stem 0.245625 0.429167 0.026250 0.035000
stem 0.399375 0.477917 0.208750 0.139167
stem 0.816250 0.397083 0.120000 0.160833
stem 0.635625 0.438750 0.118750 0.044167
stem 0.693750 0.625833 0.462500 0.285000
leaf 0.536250 0.307083 0.130000 0.102500
