flower 0.668750 0.300417 0.040000 0.017500
flower 0.559375 0.302500 0.043750 0.025000
flower 0.626875 0.248750 0.048750 0.015833
flower 0.568125 0.267500 0.038750 0.021667
flower 0.585000 0.249583 0.050000 0.022500
flower 0.450000 0.243333 0.032500 0.023333
flower 0.402500 0.228750 0.050000 0.025833
flower 0.366875 0.241667 0.046250 0.030000
flower 0.396250 0.287083 0.025000 0.022500
flower 0.366875 0.279583 0.038750 0.032500
flower 0.336875 0.322917 0.038750 0.029167
flower 0.291875 0.307500 0.056250 0.031667
flower 0.260000 0.317500 0.047500 0.031667
flower 0.254375 0.342500 0.053750 0.023333
leaf 0.436875 0.283333 0.071250 0.090000
leaf 0.558750 0.283333 0.072500 0.033333
leaf 0.627500 0.313333 0.070000 0.105000
leaf 0.631875 0.407500 0.166250 0.146667
leaf 0.635000 0.545000 0.065000 0.056667
leaf 0.473750 0.551250 0.197500 0.137500
leaf 0.530000 0.454167 0.080000 0.080000
leaf 0.499375 0.338333 0.068750 0.145000
stem 0.588750 0.611667 0.032500 0.140000
stem 0.607500 0.509167 0.020000 0.041667
stem 0.542500 0.519167 0.017500 0.025000
leaf 0.404375 0.412083 0.166250 0.144167
