flower 0.291875 0.194167 0.076250 0.056667
flower 0.273125 0.247500 0.028750 0.018333
flower 0.308125 0.280833 0.038750 0.023333
flower 0.423750 0.195000 0.050000 0.030000
flower 0.478125 0.195417 0.038750 0.024167
flower 0.538750 0.123750 0.042500 0.025833
flower 0.585000 0.128333 0.065000 0.026667
flower 0.558125 0.161250 0.081250 0.049167
leaf 0.272500 0.292083 0.035000 0.017500
leaf 0.530000 0.269167 0.040000 0.011667
leaf 0.560625 0.227083 0.018750 0.014167
leaf 0.599375 0.288333 0.031250 0.020000
leaf 0.261875 0.400000 0.031250 0.028333
leaf 0.254375 0.496250 0.041250 0.025833
leaf 0.245625 0.543333 0.018750 0.020000
leaf 0.247500 0.584167 0.032500 0.033333
leaf 0.400000 0.535833 0.027500 0.033333
leaf 0.492500 0.655833 0.035000 0.026667
leaf 0.493125 0.545833 0.043750 0.023333
leaf 0.416875 0.472917 0.031250 0.012500
leaf 0.680000 0.522500 0.027500 0.021667
leaf 0.712500 0.511667 0.025000 0.033333
leaf 0.696875 0.441667 0.038750 0.020000
leaf 0.500000 0.429583 0.035000 0.017500
leaf 0.428125 0.388750 0.016250 0.014167
leaf 0.430000 0.304583 0.020000 0.007500
leaf 0.653125 0.372083 0.036250 0.014167
stem 0.291250 0.250000 0.015000 0.043333
stem 0.274375 0.270417 0.016250 0.029167
stem 0.272500 0.341250 0.030000 0.084167
stem 0.251875 0.450417 0.021250 0.072500
stem 0.430625 0.256667 0.011250 0.090000
stem 0.428750 0.345000 0.017500 0.068333
stem 0.420625 0.432083 0.018750 0.069167
stem 0.404375 0.499583 0.016250 0.039167
stem 0.528125 0.230000 0.038750 0.063333
stem 0.578125 0.260417 0.033750 0.044167
stem 0.628125 0.331250 0.048750 0.065833
stem 0.513750 0.346250 0.040000 0.149167
stem 0.686875 0.403333 0.038750 0.053333
stem 0.496250 0.485000 0.022500 0.095000
stem 0.697500 0.480417 0.017500 0.055833
stem 0.490000 0.596250 0.015000 0.089167
stem 0.499375 0.737500 0.018750 0.131667
root 0.306875 0.622500 0.116250 0.036667
root 0.368125 0.556667 0.048750 0.026667
root 0.704375 0.547917 0.041250 0.034167
leaf 0.505625 0.826667 0.038750 0.031667
leaf 0.488125 0.903750 0.031250 0.015833
leaf 0.523125 0.917083 0.036250 0.015833
stem 0.502500 0.869167 0.017500 0.053333
stem 0.518750 0.940000 0.020000 0.030000
