flower 0.435625 0.640417 0.033750 0.022500
flower 0.286875 0.606250 0.046250 0.040833
flower 0.333125 0.613333 0.031250 0.020000
flower 0.399375 0.608333 0.043750 0.020000
flower 0.348125 0.590417 0.041250 0.030833
flower 0.324375 0.560833 0.043750 0.043333
flower 0.459375 0.565000 0.021250 0.023333
flower 0.409375 0.549167 0.051250 0.025000
flower 0.401875 0.528750 0.053750 0.032500
flower 0.274375 0.506250 0.046250 0.029167
flower 0.194375 0.508750 0.036250 0.024167
flower 0.165625 0.482500 0.071250 0.038333
flower 0.195000 0.433333 0.062500 0.061667
flower 0.270625 0.450000 0.033750 0.016667
flower 0.261875 0.421667 0.043750 0.030000
flower 0.345000 0.396667 0.067500 0.050000
flower 0.572500 0.427500 0.020000 0.016667
flower 0.550000 0.381667 0.050000 0.028333
flower 0.601875 0.387500 0.058750 0.036667
flower 0.206250 0.225417 0.055000 0.029167
flower 0.183750 0.188750 0.065000 0.044167
flower 0.228125 0.168333 0.041250 0.040000
flower 0.329375 0.174167 0.021250 0.016667
flower 0.366875 0.147083 0.048750 0.022500
flower 0.358125 0.105417 0.063750 0.052500
flower 0.455625 0.106667 0.048750 0.033333
leaf 0.570625 0.645000 0.148750 0.063333
leaf 0.475625 0.605000 0.108750 0.046667
leaf 0.353125 0.635833 0.101250 0.033333
leaf 0.324375 0.590833 0.026250 0.031667
leaf 0.371250 0.576250 0.072500 0.039167
leaf 0.608750 0.589583 0.102500 0.092500
leaf 0.511250 0.550417 0.087500 0.052500
leaf 0.380000 0.531250 0.170000 0.057500
leaf 0.226875 0.526250 0.051250 0.037500
leaf 0.525625 0.504583 0.111250 0.050833
leaf 0.228750 0.477083 0.067500 0.042500
leaf 0.708125 0.389583 0.173750 0.122500
leaf 0.233750 0.255000 0.065000 0.026667
leaf 0.315625 0.217500 0.146250 0.081667
leaf 0.398750 0.182917 0.125000 0.047500
leaf 0.544375 0.156250 0.208750 0.124167
leaf 0.410000 0.115000 0.047500 0.053333
stem 0.430625 0.158333 0.036250 0.021667
stem 0.520625 0.587083 0.063750 0.017500
stem 0.719375 0.588333 0.133750 0.270000
stem 0.623125 0.529167 0.048750 0.063333
stem 0.548125 0.782500 0.203750 0.211667
leaf 0.545000 0.276250 0.285000 0.152500
leaf 0.566250 0.441250 0.170000 0.109167
leaf 0.435625 0.458750 0.136250 0.085833
leaf 0.322500 0.464167 0.140000 0.080000
