flower 0.539375 0.096667 0.046250 0.040000
flower 0.470000 0.071667 0.055000 0.030000
flower 0.548750 0.151667 0.032500 0.021667
flower 0.526875 0.167083 0.028750 0.012500
flower 0.448750 0.149167 0.020000 0.013333
flower 0.406250 0.185000 0.037500 0.026667
flower 0.470000 0.307917 0.032500 0.037500
flower 0.438125 0.294167 0.033750 0.028333
flower 0.648750 0.436250 0.020000 0.010833
flower 0.594375 0.430833 0.031250 0.016667
flower 0.343750 0.378333 0.022500 0.018333
flower 0.252500 0.389583 0.020000 0.019167
flower 0.173750 0.377500 0.015000 0.011667
flower 0.132500 0.406250 0.022500 0.009167
flower 0.131875 0.352500 0.038750 0.028333
flower 0.084375 0.367500 0.016250 0.011667
flower 0.089375 0.435000 0.026250 0.023333
flower 0.214375 0.562500 0.016250 0.011667
flower 0.536250 0.675417 0.020000 0.014167
flower 0.561875 0.522500 0.011250 0.008333
flower 0.546875 0.539583 0.028750 0.014167
flower 0.574375 0.594583 0.016250 0.010833
flower 0.624375 0.570417 0.016250 0.010833
flower 0.687500 0.584583 0.015000 0.014167
flower 0.655000 0.652500 0.017500 0.011667
flower 0.500625 0.748333 0.018750 0.018333
flower 0.721250 0.153750 0.020000 0.015833
flower 0.762500 0.225417 0.022500 0.012500
flower 0.700625 0.224583 0.018750 0.014167
flower 0.638125 0.173333 0.018750 0.013333
leaf 0.748750 0.128750 0.405000 0.255833
leaf 0.808750 0.389167 0.342500 0.258333
leaf 0.250625 0.267083 0.493750 0.435833
leaf 0.703125 0.580000 0.058750 0.086667
stem 0.500000 0.108750 0.047500 0.059167
stem 0.473750 0.197917 0.092500 0.032500
stem 0.562500 0.180833 0.060000 0.025000
stem 0.540625 0.362500 0.083750 0.028333
stem 0.497500 0.410417 0.045000 0.029167
stem 0.614375 0.427500 0.018750 0.061667
stem 0.780000 0.573333 0.057500 0.100000
stem 0.664375 0.498333 0.073750 0.070000
stem 0.718750 0.737917 0.337500 0.227500
leaf 0.653125 0.287083 0.246250 0.179167
leaf 0.320625 0.632500 0.408750 0.288333
leaf 0.568125 0.534583 0.163750 0.235833
