leaf 0.202500 0.127500 0.190000 0.153333
leaf 0.354375 0.185000 0.141250 0.116667
leaf 0.180000 0.225417 0.205000 0.054167
leaf 0.301250 0.279167 0.065000 0.045000
leaf 0.782500 0.117083 0.052500 0.080833
leaf 0.724375 0.162083 0.086250 0.074167
leaf 0.811250 0.220417 0.177500 0.045833
leaf 0.684375 0.303333 0.068750 0.071667
leaf 0.646875 0.272500 0.098750 0.030000
leaf 0.460625 0.691250 0.096250 0.162500
leaf 0.609375 0.591250 0.193750 0.035833
leaf 0.424375 0.592500 0.166250 0.041667
leaf 0.337500 0.627917 0.090000 0.085833
leaf 0.226875 0.582917 0.156250 0.039167
leaf 0.162500 0.474167 0.135000 0.038333
leaf 0.068750 0.508333 0.072500 0.088333
leaf 0.591875 0.481250 0.171250 0.114167
leaf 0.415625 0.476667 0.176250 0.130000
leaf 0.418750 0.373750 0.127500 0.055833
leaf 0.324375 0.382917 0.303750 0.077500
fruit 0.350000 0.460000 0.085000 0.043333
fruit 0.791250 0.334167 0.037500 0.081667
fruit 0.901875 0.376250 0.046250 0.072500
fruit 0.821875 0.523750 0.101250 0.090833
fruit 0.741250 0.589583 0.190000 0.032500
stem 0.576250 0.371667 0.177500 0.093333
stem 0.723125 0.452083 0.098750 0.227500
stem 0.603125 0.694583 0.186250 0.172500
stem 0.206250 0.738333 0.180000 0.263333
stem 0.273750 0.529167 0.075000 0.071667
fruit 0.353750 0.561250 0.135000 0.019167
stem 0.305000 0.333333 0.070000 0.061667
stem 0.354375 0.790000 0.126250 0.033333
leaf 0.286875 0.462500 0.131250 0.088333
