flower 0.530000 0.104583 0.032500 0.024167
flower 0.257500 0.561667 0.042500 0.030000
flower 0.348750 0.749167 0.027500 0.015000
flower 0.773125 0.625417 0.028750 0.020833
flower 0.773750 0.467083 0.022500 0.015833
flower 0.336875 0.264167 0.031250 0.015000
leaf 0.572500 0.064167 0.052500 0.025000
leaf 0.481875 0.106667 0.056250 0.038333
leaf 0.671250 0.062500 0.087500 0.088333
leaf 0.773125 0.061667 0.118750 0.096667
leaf 0.832500 0.118750 0.077500 0.042500
leaf 0.845000 0.192917 0.027500 0.024167
leaf 0.799375 0.463750 0.073750 0.055833
leaf 0.816875 0.541250 0.071250 0.045833
leaf 0.670000 0.613750 0.145000 0.115833
leaf 0.782500 0.666250 0.075000 0.059167
leaf 0.705625 0.692083 0.093750 0.032500
leaf 0.739375 0.729583 0.066250 0.045833
leaf 0.355000 0.775417 0.067500 0.042500
leaf 0.327500 0.710833 0.027500 0.045000
leaf 0.340625 0.630000 0.038750 0.055000
leaf 0.391250 0.651250 0.060000 0.050833
leaf 0.435000 0.620833 0.070000 0.035000
leaf 0.111875 0.577917 0.033750 0.039167
leaf 0.156875 0.528750 0.116250 0.055833
leaf 0.068750 0.492083 0.062500 0.049167
leaf 0.260625 0.494583 0.111250 0.084167
leaf 0.555000 0.442083 0.042500 0.037500
leaf 0.276875 0.412917 0.071250 0.032500
leaf 0.257500 0.365833 0.055000 0.050000
leaf 0.151250 0.324583 0.120000 0.067500
leaf 0.248125 0.262917 0.068750 0.072500
leaf 0.181250 0.252500 0.037500 0.026667
leaf 0.552500 0.296250 0.075000 0.045833
flower 0.622500 0.247500 0.035000 0.016667
flower 0.718125 0.219167 0.021250 0.015000
leaf 0.695000 0.219583 0.025000 0.024167
leaf 0.631875 0.260833 0.111250 0.050000
leaf 0.555000 0.229167 0.042500 0.045000
leaf 0.513125 0.226667 0.023750 0.025000
leaf 0.526250 0.144583 0.025000 0.017500
leaf 0.367500 0.258333 0.017500 0.026667
leaf 0.410000 0.240833 0.050000 0.025000
leaf 0.430625 0.187500 0.036250 0.018333
leaf 0.407500 0.180833 0.025000 0.021667
leaf 0.365000 0.126250 0.062500 0.070833
leaf 0.272500 0.104167 0.110000 0.063333
leaf 0.085000 0.073333 0.017500 0.040000
stem 0.135000 0.127917 0.122500 0.212500
stem 0.205625 0.207500 0.048750 0.051667
stem 0.405625 0.157500 0.038750 0.028333
stem 0.416250 0.210417 0.022500 0.032500
stem 0.589375 0.111250 0.086250 0.074167
stem 0.518750 0.172917 0.052500 0.077500
stem 0.895000 0.152083 0.052500 0.075833
stem 0.849375 0.320417 0.053750 0.227500
stem 0.860000 0.651667 0.085000 0.188333
stem 0.802500 0.594167 0.030000 0.045000
stem 0.746875 0.824167 0.136250 0.130000
stem 0.683750 0.734583 0.042500 0.042500
stem 0.523125 0.717083 0.103750 0.507500
stem 0.551875 0.373333 0.031250 0.081667
stem 0.468125 0.225417 0.056250 0.022500
stem 0.217500 0.381667 0.025000 0.050000
stem 0.215000 0.572917 0.045000 0.017500
stem 0.306250 0.595417 0.045000 0.122500
stem 0.364375 0.725000 0.031250 0.041667
leaf 0.052500 0.088750 0.060000 0.039167
leaf 0.414375 0.813750 0.033750 0.034167
stem 0.371250 0.882500 0.152500 0.080000
