flower 0.621875 0.092500 0.048750 0.028333
flower 0.673750 0.092917 0.040000 0.040833
flower 0.466875 0.192500 0.023750 0.013333
flower 0.402500 0.162500 0.040000 0.041667
flower 0.396875 0.133333 0.028750 0.013333
flower 0.282500 0.187917 0.040000 0.040833
flower 0.291875 0.258750 0.056250 0.024167
flower 0.320000 0.242917 0.020000 0.017500
flower 0.395000 0.239167 0.030000 0.025000
flower 0.545625 0.272083 0.023750 0.022500
flower 0.550625 0.251250 0.033750 0.015833
flower 0.643750 0.275833 0.017500 0.015000
flower 0.735000 0.198750 0.047500 0.019167
flower 0.739375 0.168750 0.023750 0.014167
flower 0.806875 0.169167 0.036250 0.025000
flower 0.788750 0.193750 0.035000 0.015833
flower 0.773125 0.228333 0.041250 0.043333
flower 0.733125 0.255000 0.023750 0.016667
flower 0.717500 0.267500 0.027500 0.015000
flower 0.524375 0.383333 0.028750 0.020000
flower 0.547500 0.520833 0.025000 0.013333
flower 0.571250 0.483750 0.022500 0.010833
flower 0.587500 0.459167 0.020000 0.015000
flower 0.552500 0.447500 0.025000 0.021667
flower 0.568750 0.415417 0.027500 0.019167
flower 0.603125 0.414167 0.018750 0.015000
flower 0.608750 0.390417 0.045000 0.032500
flower 0.279375 0.622500 0.023750 0.011667
flower 0.488750 0.707500 0.020000 0.011667
flower 0.395625 0.730000 0.026250 0.013333
flower 0.463750 0.691250 0.030000 0.015833
flower 0.428125 0.692917 0.026250 0.014167
flower 0.443125 0.672083 0.021250 0.012500
flower 0.402500 0.657500 0.035000 0.018333
flower 0.345000 0.659167 0.022500 0.015000
leaf 0.283750 0.227500 0.065000 0.031667
leaf 0.242500 0.217500 0.295000 0.433333
leaf 0.519375 0.172083 0.258750 0.319167
leaf 0.380000 0.529167 0.202500 0.245000
leaf 0.716875 0.706667 0.336250 0.383333
leaf 0.283750 0.735000 0.350000 0.213333
stem 0.347500 0.347917 0.035000 0.087500
stem 0.445625 0.546667 0.023750 0.043333
stem 0.502500 0.657500 0.030000 0.048333
leaf 0.545625 0.745417 0.156250 0.299167
leaf 0.790000 0.307500 0.365000 0.405000
leaf 0.480000 0.435833 0.222500 0.228333
stem 0.550000 0.933333 0.042500 0.060000
