flower 0.236875 0.606667 0.058750 0.046667
flower 0.098125 0.617917 0.043750 0.032500
flower 0.366250 0.574167 0.020000 0.016667
flower 0.411250 0.551250 0.065000 0.045833
flower 0.888750 0.487083 0.037500 0.020833
flower 0.500000 0.427083 0.060000 0.044167
flower 0.543125 0.373750 0.056250 0.044167
flower 0.461875 0.347083 0.043750 0.035833
flower 0.490000 0.328333 0.037500 0.040000
flower 0.253125 0.492917 0.043750 0.032500
flower 0.111875 0.430000 0.053750 0.050000
flower 0.133125 0.406250 0.068750 0.035833
flower 0.223750 0.375417 0.052500 0.045833
flower 0.178750 0.372500 0.070000 0.053333
leaf 0.201875 0.531667 0.063750 0.088333
leaf 0.575000 0.669167 0.387500 0.295000
leaf 0.719375 0.521250 0.356250 0.132500
leaf 0.845625 0.438750 0.233750 0.084167
leaf 0.810000 0.355417 0.242500 0.094167
leaf 0.670625 0.206667 0.356250 0.215000
leaf 0.455625 0.173750 0.163750 0.164167
leaf 0.230625 0.274167 0.443750 0.210000
stem 0.140000 0.677083 0.110000 0.084167
stem 0.185000 0.602500 0.050000 0.066667
stem 0.295625 0.547083 0.121250 0.079167
stem 0.406250 0.461250 0.135000 0.095833
stem 0.448750 0.395000 0.087500 0.056667
stem 0.156250 0.496250 0.035000 0.082500
