fruit 0.304375 0.256667 0.031250 0.023333
fruit 0.299375 0.235417 0.028750 0.014167
fruit 0.430000 0.462917 0.022500 0.020833
fruit 0.220625 0.566667 0.028750 0.016667
fruit 0.317500 0.651250 0.050000 0.032500
leaf 0.738750 0.298333 0.040000 0.023333
leaf 0.761250 0.214583 0.062500 0.017500
leaf 0.717500 0.240833 0.027500 0.021667
leaf 0.749375 0.174583 0.076250 0.074167
leaf 0.668750 0.178750 0.095000 0.100833
leaf 0.306250 0.323333 0.072500 0.050000
leaf 0.348125 0.295000 0.083750 0.020000
leaf 0.461875 0.201250 0.121250 0.080833
leaf 0.373125 0.218750 0.071250 0.042500
leaf 0.321875 0.129167 0.126250 0.115000
leaf 0.210000 0.140833 0.122500 0.076667
leaf 0.147500 0.198333 0.135000 0.056667
leaf 0.248125 0.248333 0.068750 0.048333
leaf 0.486250 0.387500 0.077500 0.108333
leaf 0.433750 0.420833 0.072500 0.048333
leaf 0.331250 0.490833 0.105000 0.101667
leaf 0.243750 0.482917 0.077500 0.087500
leaf 0.205625 0.544167 0.066250 0.035000
leaf 0.311250 0.716667 0.087500 0.073333
leaf 0.597500 0.684583 0.155000 0.047500
leaf 0.713750 0.673750 0.075000 0.025833
leaf 0.703125 0.610000 0.033750 0.073333
leaf 0.673750 0.637083 0.040000 0.019167
leaf 0.759375 0.599167 0.083750 0.063333
leaf 0.746875 0.757500 0.086250 0.085000
stem 0.251250 0.297917 0.027500 0.049167
stem 0.257500 0.211667 0.027500 0.030000
stem 0.400625 0.264583 0.036250 0.034167
stem 0.715625 0.270833 0.018750 0.031667
stem 0.735000 0.342500 0.017500 0.061667
stem 0.513750 0.520833 0.087500 0.125000
stem 0.275000 0.637917 0.042500 0.100833
leaf 0.275625 0.570417 0.026250 0.037500
stem 0.295000 0.761667 0.020000 0.076667
leaf 0.700000 0.653750 0.017500 0.025833
stem 0.677500 0.751250 0.060000 0.097500
