flower 0.478125 0.323333 0.056250 0.063333
flower 0.435625 0.350833 0.021250 0.051667
flower 0.418750 0.378333 0.022500 0.051667
flower 0.466875 0.385000 0.051250 0.063333
flower 0.373750 0.435417 0.082500 0.062500
flower 0.730625 0.312500 0.121250 0.073333
fruit 0.653125 0.296667 0.041250 0.060000
fruit 0.625000 0.320833 0.045000 0.050000
root 0.806875 0.516250 0.236250 0.170833
root 0.420000 0.214583 0.285000 0.154167
leaf 0.221250 0.468333 0.252500 0.333333
leaf 0.170625 0.270000 0.048750 0.051667
leaf 0.167500 0.194167 0.025000 0.055000
leaf 0.178125 0.095000 0.038750 0.086667
leaf 0.659375 0.424167 0.071250 0.105000
leaf 0.620625 0.727500 0.143750 0.068333
stem 0.425625 0.726667 0.036250 0.146667
stem 0.413125 0.569583 0.036250 0.135833
stem 0.593750 0.655000 0.042500 0.076667
stem 0.571250 0.782083 0.030000 0.035833
leaf 0.293750 0.767500 0.237500 0.268333
leaf 0.600000 0.863750 0.250000 0.120833
leaf 0.843750 0.734583 0.267500 0.182500
