flower 0.494375 0.108750 0.061250 0.029167
flower 0.548125 0.092083 0.053750 0.027500
flower 0.291250 0.109167 0.037500 0.025000
flower 0.265625 0.246250 0.063750 0.034167
flower 0.137500 0.239167 0.032500 0.023333
flower 0.401250 0.427083 0.042500 0.030833
flower 0.184375 0.460417 0.048750 0.024167
flower 0.270625 0.432083 0.028750 0.027500
flower 0.335000 0.441667 0.037500 0.023333
flower 0.293125 0.471250 0.046250 0.024167
flower 0.415625 0.514167 0.041250 0.025000
flower 0.548125 0.525000 0.056250 0.043333
leaf 0.463750 0.160417 0.120000 0.095833
leaf 0.353125 0.179167 0.131250 0.105000
leaf 0.688750 0.272917 0.342500 0.284167
leaf 0.416250 0.280833 0.175000 0.165000
leaf 0.211250 0.281250 0.202500 0.185833
leaf 0.163125 0.406667 0.226250 0.148333
leaf 0.476250 0.426667 0.095000 0.080000
leaf 0.316250 0.509583 0.157500 0.095833
leaf 0.613125 0.571250 0.296250 0.282500
leaf 0.466250 0.712500 0.042500 0.031667
leaf 0.346250 0.630000 0.195000 0.128333
leaf 0.121250 0.646667 0.230000 0.133333
stem 0.528750 0.385417 0.030000 0.035833
stem 0.448750 0.542500 0.025000 0.161667
stem 0.459375 0.785833 0.043750 0.105000
stem 0.473750 0.657917 0.042500 0.057500
