flower 0.221250 0.054167 0.072500 0.046667
flower 0.208125 0.075833 0.056250 0.023333
flower 0.215625 0.128333 0.066250 0.026667
flower 0.248750 0.191667 0.055000 0.030000
flower 0.179375 0.257917 0.051250 0.037500
flower 0.226250 0.274583 0.045000 0.020833
flower 0.241250 0.312083 0.052500 0.040833
flower 0.245000 0.370833 0.037500 0.021667
flower 0.139375 0.377500 0.036250 0.026667
flower 0.310625 0.470000 0.028750 0.013333
flower 0.260000 0.601667 0.022500 0.020000
flower 0.268125 0.654167 0.021250 0.015000
flower 0.497500 0.680000 0.022500 0.018333
flower 0.525625 0.700417 0.026250 0.017500
flower 0.606250 0.643750 0.022500 0.019167
flower 0.818125 0.564167 0.031250 0.018333
flower 0.477500 0.540000 0.025000 0.023333
flower 0.541875 0.462500 0.031250 0.013333
flower 0.464375 0.474167 0.046250 0.035000
flower 0.413750 0.425000 0.027500 0.021667
flower 0.877500 0.447500 0.022500 0.018333
flower 0.842500 0.367500 0.047500 0.038333
flower 0.611875 0.317917 0.041250 0.022500
flower 0.603125 0.249167 0.041250 0.020000
flower 0.850625 0.277917 0.028750 0.022500
flower 0.846875 0.219167 0.023750 0.021667
flower 0.840000 0.171667 0.035000 0.020000
flower 0.798125 0.130417 0.026250 0.015833
flower 0.765625 0.118750 0.033750 0.025833
flower 0.653750 0.189167 0.027500 0.030000
flower 0.641250 0.151667 0.037500 0.030000
flower 0.680000 0.123333 0.070000 0.040000
leaf 0.766875 0.095417 0.086250 0.037500
leaf 0.737500 0.141250 0.070000 0.029167
leaf 0.765000 0.181250 0.087500 0.037500
leaf 0.764375 0.239167 0.158750 0.081667
leaf 0.588125 0.156250 0.083750 0.060833
leaf 0.741250 0.390000 0.162500 0.073333
leaf 0.688125 0.349167 0.153750 0.065000
leaf 0.543750 0.274583 0.115000 0.135833
leaf 0.765000 0.513333 0.135000 0.056667
leaf 0.664375 0.640833 0.113750 0.090000
leaf 0.608750 0.693333 0.062500 0.043333
leaf 0.549375 0.688750 0.066250 0.060833
leaf 0.565000 0.629167 0.065000 0.055000
leaf 0.498125 0.712083 0.053750 0.027500
leaf 0.406875 0.675417 0.098750 0.095833
leaf 0.530625 0.553333 0.171250 0.066667
leaf 0.520000 0.517500 0.065000 0.028333
leaf 0.437500 0.486250 0.152500 0.099167
leaf 0.428750 0.381250 0.162500 0.109167
leaf 0.341250 0.616250 0.082500 0.089167
leaf 0.216875 0.640000 0.086250 0.046667
flower 0.226250 0.580833 0.047500 0.028333
leaf 0.220625 0.570000 0.061250 0.073333
leaf 0.323750 0.550000 0.090000 0.066667
leaf 0.141875 0.448333 0.078750 0.070000
leaf 0.243125 0.425833 0.156250 0.065000
leaf 0.160000 0.317500 0.092500 0.098333
leaf 0.172500 0.207500 0.090000 0.083333
leaf 0.305000 0.176667 0.077500 0.060000
leaf 0.189375 0.090833 0.063750 0.055000
stem 0.225000 0.202500 0.012500 0.125000
stem 0.248125 0.346667 0.018750 0.030000
stem 0.142500 0.403750 0.025000 0.034167
stem 0.273750 0.388333 0.010000 0.020000
stem 0.306250 0.444167 0.030000 0.035000
stem 0.201875 0.507083 0.051250 0.057500
stem 0.347500 0.498333 0.030000 0.031667
stem 0.354375 0.464583 0.031250 0.032500
stem 0.290000 0.611250 0.040000 0.057500
stem 0.279375 0.626667 0.053750 0.025000
stem 0.323125 0.684583 0.063750 0.052500
stem 0.459375 0.810833 0.206250 0.178333
stem 0.781875 0.672500 0.101250 0.176667
stem 0.665000 0.830417 0.142500 0.144167
stem 0.463750 0.655000 0.037500 0.056667
stem 0.413750 0.584167 0.080000 0.095000
stem 0.555000 0.489583 0.017500 0.042500
stem 0.582500 0.392083 0.047500 0.120833
stem 0.855000 0.509583 0.035000 0.080833
stem 0.876250 0.365000 0.025000 0.143333
stem 0.615000 0.287083 0.025000 0.042500
stem 0.866250 0.253333 0.015000 0.030000
stem 0.631875 0.222083 0.016250 0.037500
stem 0.828125 0.145417 0.023750 0.027500
