flower 0.415625 0.173750 0.033750 0.020833
flower 0.478125 0.180000 0.068750 0.076667
flower 0.631875 0.240000 0.053750 0.031667
flower 0.712500 0.215000 0.055000 0.033333
flower 0.679375 0.190833 0.061250 0.048333
flower 0.773125 0.313750 0.038750 0.024167
leaf 0.685000 0.242917 0.037500 0.032500
leaf 0.356875 0.170417 0.191250 0.094167
leaf 0.110625 0.080417 0.166250 0.100833
leaf 0.181875 0.200000 0.163750 0.163333
leaf 0.255000 0.375833 0.130000 0.095000
leaf 0.105625 0.349583 0.128750 0.132500
leaf 0.178125 0.507500 0.118750 0.116667
leaf 0.285625 0.661250 0.088750 0.054167
leaf 0.551875 0.725417 0.236250 0.064167
leaf 0.719375 0.713750 0.066250 0.045833
leaf 0.827500 0.635833 0.165000 0.125000
leaf 0.796875 0.459583 0.171250 0.144167
leaf 0.688125 0.425000 0.143750 0.135000
leaf 0.824375 0.322917 0.166250 0.052500
stem 0.711250 0.306667 0.065000 0.093333
stem 0.256875 0.594583 0.128750 0.057500
leaf 0.351250 0.603750 0.062500 0.029167
stem 0.505000 0.576667 0.230000 0.080000
stem 0.723125 0.766667 0.028750 0.053333
stem 0.191875 0.322083 0.021250 0.067500
leaf 0.386875 0.119583 0.051250 0.024167
stem 0.303750 0.090833 0.150000 0.025000
stem 0.734375 0.646250 0.033750 0.085833
root 0.724375 0.572083 0.176250 0.089167
