flower 0.592500 0.167917 0.037500 0.039167
flower 0.625625 0.155000 0.036250 0.016667
flower 0.581250 0.142500 0.027500 0.021667
flower 0.701875 0.404167 0.041250 0.030000
flower 0.522500 0.415833 0.035000 0.023333
flower 0.751250 0.381250 0.017500 0.015833
flower 0.758750 0.401250 0.015000 0.014167
leaf 0.738750 0.154583 0.212500 0.112500
leaf 0.680000 0.318750 0.182500 0.162500
leaf 0.876875 0.317500 0.211250 0.146667
leaf 0.932500 0.466667 0.100000 0.203333
leaf 0.810625 0.512083 0.153750 0.147500
leaf 0.733125 0.526667 0.101250 0.090000
leaf 0.679375 0.424583 0.093750 0.032500
leaf 0.557500 0.377500 0.105000 0.061667
leaf 0.570625 0.520833 0.243750 0.198333
leaf 0.483125 0.863750 0.223750 0.175833
stem 0.309375 0.557083 0.036250 0.044167
stem 0.323125 0.526667 0.063750 0.040000
stem 0.385625 0.484167 0.118750 0.040000
stem 0.607500 0.222500 0.022500 0.076667
stem 0.638125 0.362917 0.028750 0.039167
stem 0.701875 0.457500 0.046250 0.038333
stem 0.815625 0.645000 0.351250 0.166667
leaf 0.298125 0.673333 0.538750 0.138333
leaf 0.166250 0.510000 0.297500 0.178333
leaf 0.411875 0.557500 0.158750 0.096667
leaf 0.353125 0.350833 0.311250 0.216667
leaf 0.567500 0.288750 0.117500 0.147500
leaf 0.535000 0.125000 0.205000 0.223333
