fruit 0.745000 0.395833 0.097500 0.075000
fruit 0.801875 0.457083 0.126250 0.082500
flower 0.369375 0.615000 0.071250 0.056667
flower 0.442500 0.558333 0.040000 0.020000
leaf 0.737500 0.137917 0.340000 0.174167
leaf 0.452500 0.232917 0.317500 0.202500
leaf 0.250000 0.373333 0.345000 0.236667
leaf 0.563750 0.392083 0.152500 0.097500
leaf 0.465000 0.439583 0.040000 0.017500
leaf 0.404375 0.501667 0.071250 0.053333
leaf 0.208750 0.491250 0.045000 0.039167
leaf 0.165625 0.632083 0.083750 0.047500
leaf 0.503125 0.553750 0.156250 0.075833
leaf 0.468750 0.641667 0.167500 0.100000
leaf 0.523750 0.693333 0.157500 0.080000
leaf 0.390625 0.741667 0.151250 0.116667
stem 0.533125 0.325417 0.038750 0.054167
stem 0.771250 0.294167 0.302500 0.140000
stem 0.475625 0.470417 0.076250 0.054167
stem 0.265000 0.588333 0.122500 0.076667
stem 0.662500 0.640417 0.150000 0.267500
stem 0.408750 0.848333 0.265000 0.085000
