fruit 0.655625 0.143333 0.048750 0.031667
fruit 0.358125 0.580000 0.048750 0.025000
fruit 0.256250 0.622083 0.045000 0.035833
leaf 0.476875 0.132500 0.201250 0.185000
leaf 0.695625 0.152917 0.233750 0.150833
leaf 0.853125 0.247083 0.286250 0.175833
leaf 0.603125 0.312500 0.256250 0.163333
leaf 0.163750 0.170417 0.242500 0.305833
leaf 0.770000 0.450000 0.305000 0.076667
leaf 0.083750 0.516667 0.165000 0.186667
leaf 0.633750 0.603750 0.220000 0.112500
leaf 0.492500 0.664167 0.290000 0.095000
leaf 0.138125 0.743750 0.196250 0.104167
stem 0.284375 0.692917 0.116250 0.107500
stem 0.297500 0.529583 0.215000 0.132500
stem 0.485625 0.536250 0.101250 0.097500
stem 0.586250 0.438333 0.072500 0.090000
stem 0.183125 0.416667 0.048750 0.105000
stem 0.153750 0.359167 0.032500 0.030000
leaf 0.371875 0.365000 0.361250 0.221667
