flower 0.323125 0.157917 0.048750 0.029167
flower 0.450625 0.130000 0.051250 0.043333
flower 0.401875 0.125417 0.051250 0.025833
flower 0.708125 0.176250 0.058750 0.057500
flower 0.534375 0.364583 0.053750 0.037500
flower 0.470625 0.361250 0.071250 0.040833
leaf 0.593125 0.197500 0.158750 0.208333
leaf 0.431875 0.162917 0.216250 0.224167
leaf 0.218750 0.177500 0.217500 0.111667
leaf 0.668125 0.362500 0.218750 0.111667
leaf 0.769375 0.457917 0.178750 0.124167
leaf 0.611250 0.508750 0.142500 0.109167
leaf 0.549375 0.427917 0.248750 0.087500
leaf 0.413125 0.489583 0.101250 0.127500
leaf 0.331875 0.606667 0.153750 0.195000
stem 0.280625 0.385417 0.126250 0.292500
stem 0.475000 0.312083 0.125000 0.070833
stem 0.383750 0.385000 0.102500 0.081667
stem 0.211250 0.602917 0.097500 0.195833
stem 0.281250 0.768750 0.347500 0.127500
stem 0.490000 0.590417 0.090000 0.222500
stem 0.766250 0.537917 0.042500 0.047500
