fruit 0.655625 0.175000 0.088750 0.066667
fruit 0.402500 0.142083 0.080000 0.065833
fruit 0.321250 0.117917 0.082500 0.067500
leaf 0.648125 0.269167 0.038750 0.055000
leaf 0.474375 0.087500 0.133750 0.138333
leaf 0.276875 0.135833 0.098750 0.078333
leaf 0.145000 0.246250 0.097500 0.079167
leaf 0.206875 0.296667 0.151250 0.140000
leaf 0.100000 0.440000 0.197500 0.178333
leaf 0.234375 0.466667 0.083750 0.136667
leaf 0.462500 0.195417 0.220000 0.062500
leaf 0.457500 0.269167 0.262500 0.098333
leaf 0.403125 0.397500 0.191250 0.168333
leaf 0.884375 0.474167 0.191250 0.173333
leaf 0.728125 0.529583 0.033750 0.015833
leaf 0.660000 0.522500 0.102500 0.151667
leaf 0.531250 0.569167 0.140000 0.101667
leaf 0.425000 0.551667 0.087500 0.105000
leaf 0.335625 0.628750 0.168750 0.049167
leaf 0.465000 0.653333 0.205000 0.045000
leaf 0.540625 0.685000 0.118750 0.041667
stem 0.763750 0.340000 0.140000 0.210000
stem 0.542500 0.475417 0.120000 0.089167
stem 0.248125 0.384167 0.123750 0.038333
stem 0.289375 0.305000 0.053750 0.246667
stem 0.240000 0.209167 0.085000 0.025000
stem 0.117500 0.355833 0.077500 0.025000
stem 0.343750 0.545833 0.047500 0.128333
stem 0.318750 0.658750 0.107500 0.022500
stem 0.383750 0.720417 0.182500 0.082500
stem 0.609375 0.647083 0.091250 0.049167
stem 0.678125 0.617500 0.143750 0.038333
stem 0.770625 0.590833 0.118750 0.041667
stem 0.786875 0.740833 0.041250 0.035000
stem 0.680000 0.226667 0.037500 0.033333
leaf 0.618125 0.387917 0.203750 0.075833
leaf 0.820000 0.687500 0.145000 0.150000
leaf 0.723750 0.704583 0.147500 0.150833
