fruit 0.501250 0.096667 0.300000 0.020000
fruit 0.656875 0.124167 0.103750 0.065000
fruit 0.635625 0.173750 0.043750 0.030833
flower 0.583750 0.162500 0.032500 0.018333
flower 0.352500 0.115833 0.037500 0.015000
leaf 0.410625 0.688333 0.123750 0.113333
leaf 0.587500 0.637917 0.182500 0.087500
leaf 0.728750 0.516250 0.180000 0.080833
leaf 0.795625 0.393333 0.143750 0.170000
leaf 0.649375 0.413333 0.173750 0.120000
leaf 0.665625 0.279167 0.186250 0.090000
leaf 0.520625 0.284167 0.116250 0.115000
leaf 0.379375 0.211250 0.221250 0.084167
leaf 0.391875 0.282500 0.136250 0.108333
leaf 0.173125 0.282500 0.193750 0.101667
leaf 0.265625 0.361667 0.208750 0.096667
leaf 0.250000 0.421250 0.170000 0.055833
leaf 0.545000 0.517083 0.110000 0.110833
leaf 0.408125 0.489167 0.091250 0.105000
leaf 0.330000 0.489167 0.105000 0.091667
leaf 0.324375 0.566667 0.178750 0.071667
stem 0.768750 0.672917 0.132500 0.230833
stem 0.344375 0.620000 0.303750 0.033333
stem 0.235625 0.499583 0.041250 0.102500
stem 0.465000 0.532083 0.057500 0.079167
stem 0.462500 0.387917 0.167500 0.100833
stem 0.297500 0.301250 0.042500 0.025833
stem 0.245000 0.209583 0.042500 0.052500
stem 0.655625 0.205417 0.301250 0.050833
stem 0.829375 0.125417 0.123750 0.114167
stem 0.475625 0.165417 0.171250 0.015833
stem 0.248125 0.132083 0.163750 0.072500
