flower 0.266250 0.250000 0.035000 0.026667
flower 0.533125 0.177917 0.051250 0.027500
flower 0.361250 0.577500 0.047500 0.021667
flower 0.724375 0.471250 0.026250 0.019167
flower 0.556875 0.703750 0.026250 0.019167
flower 0.237500 0.470833 0.027500 0.015000
flower 0.406875 0.180417 0.033750 0.020833
leaf 0.377500 0.212500 0.027500 0.025000
leaf 0.433750 0.166250 0.030000 0.014167
leaf 0.240625 0.344167 0.038750 0.025000
leaf 0.570000 0.338750 0.025000 0.024167
leaf 0.743750 0.283333 0.027500 0.020000
leaf 0.830000 0.387917 0.030000 0.029167
leaf 0.640625 0.428750 0.028750 0.012500
leaf 0.704375 0.504167 0.028750 0.023333
leaf 0.701250 0.482500 0.027500 0.018333
leaf 0.741875 0.500000 0.031250 0.016667
leaf 0.818125 0.490417 0.031250 0.017500
leaf 0.774375 0.453333 0.026250 0.025000
leaf 0.877500 0.471250 0.042500 0.029167
leaf 0.824375 0.462500 0.063750 0.033333
leaf 0.278125 0.498333 0.028750 0.020000
leaf 0.145000 0.493333 0.037500 0.026667
leaf 0.130625 0.436250 0.038750 0.022500
leaf 0.158125 0.406250 0.041250 0.029167
stem 0.574375 0.739583 0.128750 0.060833
stem 0.600000 0.638333 0.107500 0.110000
stem 0.378125 0.682917 0.201250 0.190833
stem 0.288125 0.565833 0.068750 0.046667
stem 0.355000 0.444583 0.132500 0.155833
stem 0.263750 0.366250 0.110000 0.015833
stem 0.190000 0.462083 0.070000 0.067500
stem 0.278125 0.298750 0.053750 0.060833
stem 0.515000 0.315833 0.082500 0.240000
stem 0.474375 0.158333 0.051250 0.080000
stem 0.786250 0.369167 0.070000 0.141667
stem 0.623750 0.462917 0.130000 0.047500
stem 0.881875 0.501250 0.083750 0.034167
