flower 0.306250 0.333333 0.067500 0.033333
flower 0.171250 0.396250 0.042500 0.020833
flower 0.370000 0.422500 0.045000 0.021667
flower 0.572500 0.376250 0.102500 0.049167
flower 0.583750 0.334583 0.100000 0.037500
flower 0.600625 0.235000 0.086250 0.043333
flower 0.671875 0.167083 0.068750 0.049167
flower 0.716875 0.198750 0.043750 0.029167
flower 0.771875 0.146250 0.063750 0.039167
flower 0.701875 0.139167 0.088750 0.038333
flower 0.843750 0.246250 0.042500 0.025833
flower 0.847500 0.290000 0.060000 0.026667
flower 0.793750 0.311667 0.080000 0.040000
flower 0.689375 0.364167 0.073750 0.035000
flower 0.663750 0.390833 0.022500 0.015000
flower 0.471875 0.472917 0.048750 0.037500
flower 0.550000 0.548750 0.035000 0.039167
flower 0.496250 0.550000 0.057500 0.036667
flower 0.501250 0.504583 0.042500 0.027500
flower 0.828750 0.566250 0.060000 0.035833
flower 0.852500 0.175833 0.032500 0.025000
flower 0.848750 0.222500 0.037500 0.038333
flower 0.208750 0.421250 0.027500 0.019167
flower 0.514375 0.468750 0.043750 0.020833
flower 0.734375 0.500833 0.036250 0.016667
flower 0.713750 0.515417 0.017500 0.014167
flower 0.617500 0.743333 0.015000 0.020000
leaf 0.213125 0.340833 0.123750 0.115000
leaf 0.341250 0.375833 0.135000 0.095000
leaf 0.219375 0.450000 0.123750 0.086667
leaf 0.358750 0.447917 0.147500 0.090833
leaf 0.681875 0.133333 0.143750 0.106667
leaf 0.825000 0.189583 0.147500 0.094167
leaf 0.797500 0.253750 0.190000 0.075833
leaf 0.645000 0.220000 0.090000 0.073333
leaf 0.651250 0.309167 0.087500 0.085000
leaf 0.561875 0.261667 0.116250 0.100000
leaf 0.535000 0.337083 0.077500 0.052500
flower 0.781250 0.424167 0.040000 0.021667
flower 0.740625 0.463333 0.038750 0.023333
flower 0.770625 0.385000 0.051250 0.043333
leaf 0.838125 0.395833 0.093750 0.051667
leaf 0.718125 0.402917 0.036250 0.032500
leaf 0.468125 0.510000 0.071250 0.043333
leaf 0.557500 0.483333 0.042500 0.060000
leaf 0.595625 0.534583 0.071250 0.054167
leaf 0.669375 0.542917 0.066250 0.057500
leaf 0.715000 0.490833 0.070000 0.035000
leaf 0.742500 0.549583 0.072500 0.064167
leaf 0.794375 0.488333 0.078750 0.040000
leaf 0.812500 0.535833 0.102500 0.056667
stem 0.283750 0.552917 0.030000 0.157500
flower 0.659375 0.657500 0.038750 0.028333
leaf 0.599375 0.691667 0.083750 0.040000
leaf 0.596250 0.738333 0.060000 0.053333
stem 0.634375 0.617083 0.023750 0.099167
stem 0.675625 0.605000 0.043750 0.066667
stem 0.645625 0.458333 0.026250 0.113333
stem 0.688750 0.442917 0.060000 0.037500
