flower 0.350000 0.580417 0.047500 0.045833
flower 0.390625 0.633333 0.028750 0.043333
flower 0.580000 0.540833 0.040000 0.021667
flower 0.621250 0.595000 0.027500 0.048333
flower 0.645000 0.590833 0.015000 0.018333
flower 0.693125 0.593750 0.031250 0.019167
flower 0.673125 0.570417 0.048750 0.029167
flower 0.631875 0.545833 0.026250 0.031667
flower 0.673750 0.544167 0.057500 0.025000
flower 0.594375 0.466250 0.021250 0.030833
flower 0.596875 0.426667 0.013750 0.020000
flower 0.523125 0.317500 0.058750 0.028333
flower 0.539375 0.196667 0.041250 0.018333
leaf 0.579375 0.347500 0.036250 0.038333
leaf 0.506250 0.555000 0.185000 0.103333
leaf 0.528125 0.831667 0.246250 0.281667
leaf 0.187500 0.515417 0.222500 0.185833
leaf 0.368125 0.412500 0.263750 0.258333
leaf 0.778750 0.255000 0.282500 0.450000
leaf 0.136875 0.248750 0.271250 0.399167
stem 0.830625 0.502083 0.063750 0.042500
stem 0.620625 0.450000 0.026250 0.133333
stem 0.555625 0.258750 0.061250 0.080833
stem 0.493125 0.177500 0.036250 0.046667
stem 0.582500 0.628750 0.045000 0.082500
stem 0.381250 0.707917 0.045000 0.100833
