flower 0.331250 0.768333 0.027500 0.020000
flower 0.356250 0.753750 0.025000 0.010833
flower 0.386875 0.405833 0.036250 0.015000
flower 0.410000 0.349167 0.027500 0.021667
flower 0.626875 0.180000 0.018750 0.013333
flower 0.630625 0.067917 0.098750 0.034167
leaf 0.106250 0.676250 0.057500 0.025833
leaf 0.114375 0.705417 0.013750 0.035833
leaf 0.148750 0.684167 0.030000 0.025000
leaf 0.180625 0.650833 0.033750 0.055000
leaf 0.147500 0.596667 0.052500 0.028333
leaf 0.378125 0.609167 0.018750 0.031667
leaf 0.318750 0.523750 0.052500 0.040833
leaf 0.371250 0.563750 0.105000 0.037500
leaf 0.383750 0.521667 0.082500 0.043333
leaf 0.346875 0.480000 0.101250 0.030000
leaf 0.296250 0.445000 0.032500 0.015000
leaf 0.690625 0.492917 0.043750 0.037500
leaf 0.440000 0.500000 0.045000 0.013333
leaf 0.437500 0.472083 0.102500 0.030833
leaf 0.384375 0.437083 0.073750 0.039167
leaf 0.460000 0.446250 0.095000 0.039167
leaf 0.451875 0.412917 0.086250 0.024167
leaf 0.420000 0.376667 0.085000 0.048333
leaf 0.355625 0.327500 0.056250 0.018333
leaf 0.516250 0.377083 0.065000 0.042500
leaf 0.476250 0.354167 0.057500 0.060000
leaf 0.684375 0.435417 0.036250 0.047500
leaf 0.726250 0.439167 0.047500 0.045000
leaf 0.701875 0.395417 0.038750 0.067500
leaf 0.745000 0.391667 0.060000 0.071667
leaf 0.719375 0.332917 0.031250 0.040833
leaf 0.752500 0.338333 0.027500 0.046667
leaf 0.574375 0.356667 0.046250 0.026667
leaf 0.530000 0.340833 0.032500 0.031667
leaf 0.495000 0.318333 0.037500 0.010000
leaf 0.468125 0.265000 0.111250 0.105000
leaf 0.650000 0.337500 0.022500 0.040000
leaf 0.554375 0.266250 0.081250 0.090833
leaf 0.673125 0.299583 0.028750 0.035833
leaf 0.631875 0.269167 0.038750 0.041667
leaf 0.673125 0.269583 0.028750 0.044167
leaf 0.749375 0.235000 0.063750 0.020000
leaf 0.618750 0.227500 0.045000 0.018333
leaf 0.743750 0.220417 0.032500 0.007500
leaf 0.743125 0.196667 0.041250 0.035000
leaf 0.666250 0.220417 0.042500 0.047500
flower 0.655000 0.184167 0.030000 0.018333
leaf 0.628125 0.200833 0.033750 0.031667
leaf 0.703750 0.189583 0.052500 0.044167
leaf 0.742500 0.160000 0.050000 0.028333
leaf 0.638750 0.142083 0.075000 0.065833
leaf 0.691250 0.137083 0.035000 0.062500
leaf 0.641875 0.095833 0.106250 0.028333
stem 0.730000 0.125417 0.025000 0.034167
stem 0.199375 0.704167 0.026250 0.071667
stem 0.312500 0.628750 0.070000 0.085833
stem 0.219375 0.327500 0.123750 0.486667
stem 0.593750 0.611250 0.092500 0.482500
leaf 0.186250 0.847083 0.035000 0.029167
leaf 0.166250 0.782083 0.047500 0.080833
leaf 0.223125 0.876667 0.041250 0.025000
leaf 0.281250 0.846667 0.062500 0.061667
leaf 0.225625 0.834167 0.046250 0.048333
leaf 0.242500 0.760000 0.095000 0.103333
leaf 0.370625 0.838333 0.086250 0.046667
leaf 0.446875 0.788750 0.096250 0.052500
leaf 0.417500 0.740000 0.092500 0.056667
leaf 0.345000 0.786667 0.112500 0.065000
leaf 0.338125 0.713333 0.108750 0.081667
flower 0.478750 0.829167 0.097500 0.048333
flower 0.278750 0.911667 0.100000 0.071667
flower 0.138125 0.851667 0.063750 0.046667
stem 0.520625 0.523333 0.051250 0.133333
stem 0.228125 0.641667 0.046250 0.130000
