flower 0.806875 0.323333 0.041250 0.030000
flower 0.780625 0.312500 0.021250 0.021667
flower 0.675000 0.260000 0.052500 0.033333
flower 0.678125 0.185000 0.038750 0.033333
flower 0.550625 0.250417 0.026250 0.019167
flower 0.282500 0.253333 0.037500 0.020000
flower 0.168750 0.270000 0.032500 0.013333
leaf 0.396250 0.457500 0.047500 0.041667
leaf 0.353125 0.482917 0.058750 0.030833
leaf 0.342500 0.446667 0.085000 0.046667
leaf 0.380000 0.424583 0.037500 0.037500
leaf 0.322500 0.392083 0.082500 0.072500
leaf 0.280000 0.343750 0.125000 0.064167
leaf 0.220625 0.305833 0.068750 0.045000
leaf 0.161875 0.300417 0.068750 0.035833
leaf 0.349375 0.267500 0.066250 0.051667
leaf 0.289375 0.290000 0.076250 0.043333
leaf 0.239375 0.255417 0.071250 0.049167
leaf 0.075625 0.455833 0.048750 0.041667
leaf 0.519375 0.450417 0.046250 0.040833
leaf 0.473750 0.405833 0.095000 0.033333
leaf 0.620625 0.452917 0.061250 0.027500
leaf 0.564375 0.430000 0.071250 0.046667
leaf 0.466250 0.373333 0.072500 0.040000
leaf 0.444375 0.297083 0.103750 0.102500
leaf 0.655000 0.402917 0.110000 0.072500
leaf 0.554375 0.363750 0.098750 0.079167
leaf 0.815000 0.356250 0.065000 0.032500
leaf 0.746875 0.343750 0.071250 0.042500
leaf 0.650625 0.343750 0.101250 0.075833
leaf 0.739375 0.300000 0.063750 0.046667
leaf 0.669375 0.294167 0.081250 0.031667
leaf 0.579375 0.304167 0.086250 0.041667
leaf 0.523125 0.285417 0.048750 0.049167
leaf 0.597500 0.255417 0.085000 0.052500
leaf 0.505625 0.215000 0.101250 0.085000
leaf 0.622500 0.200833 0.052500 0.075000
leaf 0.677500 0.212500 0.060000 0.033333
stem 0.488125 0.575417 0.203750 0.172500
