flower 0.801875 0.507083 0.193750 0.097500
flower 0.832500 0.579583 0.185000 0.092500
flower 0.706875 0.615833 0.193750 0.106667
leaf 0.129375 0.218750 0.086250 0.415833
leaf 0.200625 0.565417 0.091250 0.247500
leaf 0.263750 0.722500 0.072500 0.125000
stem 0.311250 0.608333 0.085000 0.233333
stem 0.231250 0.277917 0.140000 0.432500
stem 0.336250 0.175417 0.085000 0.074167
stem 0.434375 0.263750 0.058750 0.050833
stem 0.507500 0.328750 0.082500 0.062500
stem 0.679375 0.467500 0.078750 0.081667
flower 0.461875 0.393333 0.216250 0.045000
flower 0.435000 0.328750 0.135000 0.062500
flower 0.348125 0.284583 0.123750 0.030833
flower 0.286250 0.215833 0.142500 0.056667
leaf 0.276875 0.077083 0.208750 0.152500
leaf 0.601250 0.369583 0.067500 0.300833
leaf 0.479375 0.178333 0.191250 0.233333
