fruit 0.575625 0.336250 0.033750 0.039167
fruit 0.503750 0.261667 0.092500 0.038333
fruit 0.470625 0.352500 0.061250 0.031667
fruit 0.458750 0.437083 0.052500 0.032500
leaf 0.296250 0.190000 0.222500 0.243333
leaf 0.152500 0.221250 0.205000 0.232500
leaf 0.468125 0.231250 0.198750 0.225833
leaf 0.647500 0.259583 0.302500 0.174167
leaf 0.686250 0.392083 0.392500 0.097500
leaf 0.533750 0.537500 0.280000 0.258333
leaf 0.300625 0.370417 0.273750 0.112500
leaf 0.305625 0.608750 0.236250 0.279167
stem 0.280625 0.466667 0.063750 0.046667
stem 0.168750 0.428750 0.067500 0.044167
