flower 0.478125 0.400417 0.053750 0.064167
flower 0.430000 0.415000 0.085000 0.033333
flower 0.463125 0.345000 0.166250 0.103333
leaf 0.246250 0.170833 0.292500 0.190000
leaf 0.659375 0.185000 0.523750 0.273333
leaf 0.189375 0.299167 0.318750 0.153333
leaf 0.220000 0.484583 0.355000 0.230833
leaf 0.805000 0.417500 0.240000 0.205000
leaf 0.862500 0.594583 0.257500 0.202500
stem 0.600000 0.399583 0.180000 0.124167
stem 0.300000 0.349583 0.065000 0.049167
stem 0.538750 0.318750 0.022500 0.044167
stem 0.381250 0.441250 0.075000 0.044167
stem 0.591250 0.533750 0.352500 0.039167
stem 0.436875 0.641250 0.136250 0.417500
