fruit 0.204375 0.110833 0.106250 0.145000
leaf 0.443750 0.201250 0.160000 0.114167
leaf 0.693750 0.149167 0.147500 0.155000
leaf 0.771250 0.235417 0.182500 0.075833
leaf 0.845625 0.388333 0.156250 0.118333
leaf 0.694375 0.425000 0.113750 0.125000
leaf 0.512500 0.547083 0.107500 0.052500
stem 0.790000 0.615417 0.420000 0.187500
stem 0.710000 0.500417 0.040000 0.030833
stem 0.620625 0.268750 0.101250 0.079167
stem 0.450000 0.588750 0.240000 0.047500
stem 0.338125 0.396250 0.498750 0.265833
stem 0.316875 0.226667 0.118750 0.078333
