flower 0.438750 0.127500 0.240000 0.123333
flower 0.277500 0.173750 0.025000 0.017500
flower 0.534375 0.380833 0.031250 0.033333
flower 0.340000 0.501667 0.155000 0.133333
leaf 0.159375 0.178750 0.133750 0.070833
leaf 0.275000 0.215833 0.050000 0.035000
leaf 0.313125 0.204583 0.071250 0.037500
leaf 0.638125 0.271250 0.353750 0.190833
leaf 0.321250 0.330833 0.207500 0.153333
leaf 0.504375 0.437500 0.116250 0.088333
leaf 0.719375 0.677083 0.276250 0.132500
leaf 0.660625 0.781667 0.253750 0.095000
leaf 0.234375 0.614167 0.256250 0.140000
leaf 0.216250 0.738333 0.390000 0.165000
stem 0.213750 0.426250 0.155000 0.060833
stem 0.173750 0.306667 0.077500 0.190000
stem 0.230000 0.247083 0.115000 0.029167
stem 0.834375 0.359167 0.128750 0.198333
stem 0.518750 0.514583 0.102500 0.035833
stem 0.515000 0.676250 0.165000 0.020833
stem 0.486250 0.781250 0.117500 0.025833
stem 0.457500 0.693333 0.107500 0.433333
