fruit 0.083750 0.309167 0.007500 0.020000
fruit 0.115625 0.327500 0.033750 0.011667
fruit 0.141250 0.340417 0.030000 0.012500
fruit 0.156875 0.350000 0.023750 0.006667
fruit 0.173750 0.350000 0.017500 0.016667
fruit 0.168125 0.377083 0.008750 0.012500
fruit 0.226875 0.347083 0.011250 0.012500
fruit 0.271875 0.369583 0.021250 0.009167
fruit 0.344375 0.366250 0.021250 0.009167
fruit 0.255625 0.316250 0.018750 0.009167
fruit 0.231250 0.307500 0.017500 0.008333
fruit 0.255000 0.292500 0.015000 0.016667
fruit 0.350625 0.328333 0.018750 0.010000
fruit 0.356875 0.320000 0.018750 0.010000
fruit 0.375625 0.307500 0.028750 0.006667
fruit 0.355000 0.302500 0.015000 0.018333
fruit 0.374375 0.289167 0.033750 0.011667
fruit 0.324375 0.270417 0.021250 0.009167
fruit 0.342500 0.265417 0.015000 0.012500
fruit 0.331875 0.253750 0.028750 0.015833
fruit 0.392500 0.235000 0.030000 0.023333
fruit 0.389375 0.250000 0.018750 0.008333
fruit 0.403125 0.283333 0.016250 0.013333
fruit 0.430000 0.269583 0.020000 0.009167
fruit 0.428750 0.259167 0.020000 0.015000
fruit 0.457500 0.248750 0.027500 0.010833
fruit 0.534375 0.242083 0.026250 0.007500
fruit 0.570000 0.277917 0.025000 0.012500
fruit 0.570000 0.261667 0.015000 0.013333
fruit 0.566250 0.242917 0.025000 0.012500
fruit 0.558750 0.231250 0.022500 0.007500
fruit 0.562500 0.213750 0.020000 0.007500
fruit 0.569375 0.205000 0.011250 0.013333
fruit 0.591250 0.202500 0.022500 0.025000
fruit 0.606250 0.183750 0.015000 0.019167
fruit 0.625000 0.201667 0.032500 0.016667
fruit 0.651875 0.212083 0.046250 0.015833
fruit 0.629375 0.248750 0.018750 0.015833
fruit 0.651250 0.225833 0.020000 0.011667
fruit 0.617500 0.283333 0.030000 0.006667
fruit 0.627500 0.297917 0.025000 0.010833
fruit 0.643125 0.278750 0.021250 0.019167
fruit 0.664375 0.257500 0.021250 0.011667
fruit 0.688125 0.251667 0.018750 0.023333
fruit 0.650000 0.301250 0.017500 0.010833
fruit 0.720000 0.266250 0.012500 0.012500
fruit 0.758125 0.259583 0.016250 0.015833
fruit 0.690000 0.307917 0.030000 0.007500
fruit 0.680625 0.298333 0.028750 0.010000
fruit 0.735625 0.307500 0.023750 0.021667
fruit 0.537500 0.520833 0.012500 0.018333
leaf 0.449375 0.515417 0.071250 0.074167
fruit 0.681875 0.337500 0.021250 0.011667
leaf 0.544375 0.410417 0.063750 0.067500
leaf 0.747500 0.393750 0.112500 0.047500
leaf 0.168750 0.500000 0.112500 0.033333
leaf 0.153125 0.443750 0.123750 0.089167
leaf 0.100625 0.365833 0.056250 0.061667
leaf 0.386250 0.404583 0.135000 0.040833
leaf 0.253125 0.388750 0.121250 0.044167
leaf 0.800625 0.321250 0.078750 0.099167
leaf 0.823125 0.167500 0.081250 0.056667
leaf 0.801250 0.210000 0.062500 0.056667
leaf 0.579375 0.152083 0.086250 0.082500
leaf 0.518750 0.164167 0.045000 0.061667
leaf 0.502500 0.202917 0.082500 0.059167
leaf 0.603125 0.247500 0.028750 0.051667
leaf 0.585000 0.334583 0.092500 0.092500
leaf 0.405625 0.342917 0.153750 0.080833
leaf 0.217500 0.339167 0.105000 0.046667
leaf 0.119375 0.251250 0.116250 0.092500
leaf 0.420000 0.215000 0.082500 0.073333
leaf 0.344375 0.170000 0.123750 0.066667
leaf 0.086875 0.169583 0.083750 0.037500
stem 0.848125 0.212917 0.021250 0.029167
stem 0.816250 0.255417 0.027500 0.030833
stem 0.772500 0.275000 0.047500 0.043333
stem 0.715000 0.347083 0.100000 0.057500
stem 0.660625 0.402500 0.058750 0.066667
stem 0.488750 0.281667 0.075000 0.048333
stem 0.509375 0.350000 0.048750 0.086667
stem 0.578125 0.498333 0.146250 0.113333
stem 0.281875 0.483333 0.123750 0.143333
stem 0.416250 0.642917 0.262500 0.189167
leaf 0.718125 0.207917 0.131250 0.082500
leaf 0.161875 0.392500 0.058750 0.045000
leaf 0.298750 0.343333 0.062500 0.045000
leaf 0.222500 0.267917 0.085000 0.075833
leaf 0.321875 0.262083 0.103750 0.120833
leaf 0.201250 0.194167 0.152500 0.071667
leaf 0.282500 0.122500 0.075000 0.076667
