fruit 0.743750 0.560417 0.185000 0.105833
fruit 0.716250 0.397500 0.197500 0.196667
fruit 0.676250 0.329167 0.032500 0.175000
fruit 0.532500 0.355833 0.122500 0.161667
leaf 0.168750 0.282917 0.132500 0.150833
leaf 0.285000 0.310833 0.097500 0.146667
leaf 0.230000 0.401667 0.292500 0.073333
leaf 0.290625 0.461667 0.268750 0.070000
leaf 0.675000 0.204167 0.187500 0.150000
leaf 0.526250 0.166667 0.090000 0.115000
leaf 0.498750 0.232917 0.147500 0.077500
leaf 0.558125 0.378333 0.158750 0.050000
leaf 0.448125 0.328750 0.146250 0.140833
leaf 0.469375 0.426250 0.113750 0.055833
leaf 0.560000 0.480000 0.135000 0.070000
leaf 0.662500 0.528750 0.137500 0.057500
leaf 0.728750 0.495417 0.080000 0.092500
leaf 0.830625 0.434583 0.113750 0.127500
stem 0.643750 0.675833 0.110000 0.235000
stem 0.567500 0.564167 0.145000 0.098333
stem 0.615625 0.424167 0.046250 0.050000
stem 0.464375 0.483750 0.051250 0.055833
leaf 0.583750 0.324583 0.160000 0.057500
