fruit 0.827500 0.180833 0.032500 0.020000
fruit 0.882500 0.164583 0.037500 0.022500
fruit 0.838125 0.146667 0.063750 0.023333
fruit 0.805000 0.121250 0.065000 0.037500
fruit 0.720625 0.160000 0.038750 0.023333
fruit 0.735000 0.131250 0.067500 0.025833
fruit 0.438750 0.259167 0.030000 0.025000
fruit 0.449375 0.292083 0.048750 0.037500
fruit 0.609375 0.342083 0.031250 0.022500
leaf 0.289375 0.250000 0.101250 0.103333
leaf 0.317500 0.180000 0.067500 0.091667
leaf 0.302500 0.033333 0.270000 0.065000
leaf 0.243750 0.077500 0.152500 0.031667
leaf 0.269375 0.112917 0.156250 0.047500
leaf 0.241250 0.152083 0.102500 0.072500
leaf 0.375625 0.166667 0.051250 0.050000
leaf 0.456875 0.117917 0.198750 0.044167
leaf 0.487500 0.188333 0.152500 0.095000
leaf 0.545000 0.253750 0.147500 0.057500
leaf 0.473750 0.330833 0.035000 0.058333
leaf 0.564375 0.312083 0.128750 0.082500
leaf 0.716250 0.531667 0.177500 0.086667
leaf 0.356875 0.520417 0.151250 0.100833
leaf 0.226875 0.637083 0.123750 0.112500
leaf 0.785000 0.806667 0.125000 0.050000
leaf 0.676250 0.767917 0.065000 0.057500
leaf 0.550000 0.778750 0.147500 0.037500
leaf 0.413125 0.672083 0.133750 0.072500
leaf 0.280625 0.729167 0.153750 0.043333
stem 0.241250 0.185833 0.027500 0.035000
stem 0.650625 0.299167 0.041250 0.098333
stem 0.228750 0.420833 0.087500 0.291667
stem 0.346250 0.436250 0.130000 0.072500
stem 0.695000 0.422500 0.177500 0.131667
stem 0.530000 0.450000 0.182500 0.175000
stem 0.448750 0.572917 0.060000 0.039167
stem 0.485625 0.617500 0.013750 0.031667
stem 0.315625 0.692083 0.121250 0.029167
stem 0.600625 0.735833 0.108750 0.048333
stem 0.164375 0.800000 0.116250 0.093333
leaf 0.696250 0.625833 0.152500 0.090000
leaf 0.573125 0.651667 0.143750 0.083333
leaf 0.342500 0.600833 0.095000 0.063333
leaf 0.421875 0.613333 0.081250 0.045000
leaf 0.305000 0.652917 0.042500 0.044167
leaf 0.501875 0.715417 0.063750 0.067500
leaf 0.419375 0.739583 0.103750 0.074167
leaf 0.281875 0.778333 0.131250 0.061667
leaf 0.563750 0.842083 0.145000 0.075833
leaf 0.401250 0.809167 0.190000 0.101667
leaf 0.345000 0.920833 0.177500 0.121667
leaf 0.469375 0.888333 0.096250 0.073333
