fruit 0.224375 0.369583 0.038750 0.025833
fruit 0.526875 0.395833 0.041250 0.018333
fruit 0.546875 0.376250 0.043750 0.015833
fruit 0.511250 0.373333 0.032500 0.023333
fruit 0.617500 0.651667 0.045000 0.020000
fruit 0.530000 0.626250 0.052500 0.029167
leaf 0.631875 0.218333 0.296250 0.215000
leaf 0.478750 0.182500 0.140000 0.291667
leaf 0.270000 0.225417 0.145000 0.185833
leaf 0.209375 0.323750 0.173750 0.239167
leaf 0.189375 0.445000 0.186250 0.196667
leaf 0.564375 0.450417 0.406250 0.194167
leaf 0.268125 0.627500 0.048750 0.131667
leaf 0.597500 0.567083 0.090000 0.167500
leaf 0.753750 0.667083 0.260000 0.089167
leaf 0.441875 0.631250 0.178750 0.152500
stem 0.427500 0.370833 0.095000 0.080000
stem 0.329375 0.607917 0.101250 0.337500
stem 0.561250 0.683333 0.040000 0.066667
stem 0.550000 0.837083 0.107500 0.284167
leaf 0.483125 0.792083 0.073750 0.029167
