flower 0.396250 0.591667 0.027500 0.020000
flower 0.364375 0.572500 0.026250 0.018333
flower 0.233750 0.527500 0.032500 0.016667
flower 0.692500 0.625000 0.020000 0.013333
flower 0.726875 0.607083 0.018750 0.015833
flower 0.766875 0.598333 0.026250 0.018333
flower 0.563750 0.783333 0.040000 0.013333
flower 0.543125 0.700417 0.021250 0.014167
flower 0.491875 0.429583 0.041250 0.025833
flower 0.574375 0.450000 0.056250 0.033333
flower 0.557500 0.406667 0.022500 0.026667
flower 0.372500 0.360833 0.035000 0.016667
flower 0.568750 0.318750 0.037500 0.034167
flower 0.568125 0.283750 0.056250 0.020833
leaf 0.145000 0.427500 0.222500 0.145000
leaf 0.288125 0.495417 0.091250 0.085833
flower 0.185000 0.600833 0.045000 0.015000
leaf 0.198750 0.569167 0.110000 0.061667
leaf 0.641250 0.731250 0.210000 0.094167
leaf 0.773750 0.625000 0.077500 0.026667
leaf 0.852500 0.565833 0.110000 0.081667
leaf 0.738125 0.517917 0.121250 0.120833
leaf 0.603750 0.525000 0.175000 0.103333
leaf 0.836875 0.473333 0.176250 0.075000
leaf 0.798125 0.390000 0.243750 0.118333
leaf 0.589375 0.419583 0.073750 0.085833
leaf 0.522500 0.379583 0.045000 0.045833
leaf 0.461875 0.289167 0.068750 0.045000
leaf 0.865625 0.249167 0.196250 0.125000
leaf 0.734375 0.244167 0.073750 0.088333
leaf 0.666875 0.255833 0.061250 0.045000
leaf 0.688125 0.182500 0.103750 0.073333
leaf 0.596250 0.213333 0.062500 0.060000
leaf 0.543125 0.235417 0.051250 0.034167
leaf 0.397500 0.218333 0.140000 0.060000
leaf 0.516250 0.183333 0.097500 0.070000
leaf 0.363750 0.142917 0.170000 0.077500
leaf 0.527500 0.112083 0.112500 0.099167
leaf 0.404375 0.053750 0.178750 0.090833
stem 0.640000 0.289167 0.100000 0.015000
stem 0.482500 0.240417 0.015000 0.047500
stem 0.425000 0.491667 0.075000 0.170000
stem 0.488125 0.474583 0.088750 0.062500
stem 0.303125 0.587083 0.096250 0.085833
stem 0.363750 0.719167 0.080000 0.228333
stem 0.453125 0.744583 0.183750 0.080833
stem 0.664375 0.660833 0.106250 0.051667
stem 0.708125 0.589167 0.013750 0.048333
stem 0.654375 0.462917 0.061250 0.019167
stem 0.449375 0.359583 0.093750 0.035833
stem 0.516250 0.312917 0.052500 0.032500
leaf 0.598125 0.842083 0.146250 0.112500
