fruit 0.529375 0.344583 0.033750 0.017500
fruit 0.561875 0.335417 0.026250 0.015833
fruit 0.685625 0.393333 0.018750 0.015000
fruit 0.625000 0.355417 0.017500 0.010833
fruit 0.606250 0.339583 0.037500 0.017500
fruit 0.645625 0.331250 0.016250 0.010833
leaf 0.739375 0.189167 0.206250 0.205000
leaf 0.537500 0.241667 0.222500 0.231667
leaf 0.245000 0.711667 0.135000 0.176667
leaf 0.334375 0.640417 0.068750 0.067500
leaf 0.577500 0.506667 0.347500 0.123333
leaf 0.356875 0.365833 0.298750 0.225000
stem 0.586250 0.375417 0.097500 0.025833
stem 0.650000 0.312083 0.020000 0.017500
stem 0.374375 0.587500 0.053750 0.038333
leaf 0.729375 0.303333 0.166250 0.116667
leaf 0.661875 0.408333 0.221250 0.105000
