flower 0.650000 0.610833 0.350000 0.085000
flower 0.570000 0.502083 0.642500 0.127500
flower 0.558750 0.387500 0.532500 0.116667
leaf 0.351250 0.228333 0.162500 0.141667
leaf 0.376875 0.341250 0.141250 0.102500
leaf 0.265000 0.356667 0.127500 0.096667
leaf 0.100625 0.261250 0.103750 0.095833
leaf 0.211250 0.441667 0.060000 0.073333
leaf 0.125625 0.441667 0.093750 0.056667
leaf 0.231875 0.505000 0.078750 0.043333
leaf 0.150000 0.510000 0.057500 0.068333
leaf 0.439375 0.541250 0.166250 0.062500
leaf 0.311875 0.521667 0.078750 0.060000
leaf 0.580000 0.664583 0.175000 0.075833
leaf 0.408125 0.634583 0.148750 0.045833
leaf 0.286875 0.582500 0.096250 0.085000
leaf 0.173125 0.590000 0.028750 0.071667
stem 0.166875 0.362083 0.078750 0.092500
stem 0.113125 0.535000 0.031250 0.106667
stem 0.145000 0.610417 0.040000 0.079167
stem 0.275000 0.742083 0.220000 0.207500
