flower 0.189375 0.146667 0.051250 0.020000
flower 0.384375 0.109583 0.038750 0.030833
flower 0.426250 0.155000 0.057500 0.031667
flower 0.476875 0.172083 0.028750 0.022500
flower 0.540625 0.190000 0.043750 0.023333
flower 0.486875 0.225417 0.048750 0.022500
flower 0.471875 0.274167 0.048750 0.041667
flower 0.270000 0.251667 0.032500 0.023333
flower 0.595625 0.269167 0.061250 0.048333
flower 0.682500 0.283750 0.075000 0.035833
flower 0.783750 0.391250 0.060000 0.045833
flower 0.455000 0.643333 0.042500 0.020000
flower 0.433750 0.613333 0.030000 0.023333
flower 0.480000 0.582917 0.035000 0.017500
flower 0.650625 0.489167 0.021250 0.015000
flower 0.866875 0.534167 0.031250 0.033333
flower 0.894375 0.641667 0.028750 0.020000
leaf 0.352500 0.155000 0.077500 0.046667
leaf 0.263125 0.144583 0.083750 0.080833
leaf 0.407500 0.186667 0.080000 0.030000
leaf 0.121250 0.174167 0.032500 0.045000
leaf 0.192500 0.190833 0.107500 0.063333
leaf 0.267500 0.277917 0.087500 0.055833
leaf 0.268125 0.225833 0.033750 0.023333
leaf 0.180000 0.267083 0.085000 0.049167
leaf 0.091250 0.256667 0.095000 0.063333
leaf 0.491250 0.196667 0.055000 0.030000
leaf 0.380000 0.275833 0.080000 0.055000
leaf 0.541875 0.250417 0.063750 0.089167
leaf 0.489375 0.257917 0.041250 0.045833
leaf 0.439375 0.255000 0.051250 0.056667
leaf 0.420000 0.327500 0.055000 0.061667
leaf 0.712500 0.416667 0.105000 0.053333
leaf 0.642500 0.393750 0.062500 0.044167
leaf 0.714375 0.365833 0.101250 0.053333
leaf 0.648750 0.330000 0.097500 0.080000
leaf 0.542500 0.367083 0.045000 0.037500
leaf 0.565625 0.327917 0.063750 0.062500
leaf 0.490625 0.317500 0.088750 0.068333
flower 0.463750 0.722500 0.022500 0.018333
leaf 0.455000 0.701250 0.115000 0.052500
leaf 0.390625 0.631250 0.071250 0.034167
leaf 0.401875 0.572917 0.086250 0.087500
leaf 0.486875 0.613333 0.071250 0.045000
leaf 0.477500 0.569583 0.045000 0.027500
leaf 0.648125 0.601667 0.058750 0.033333
leaf 0.686875 0.563333 0.093750 0.073333
leaf 0.609375 0.542500 0.083750 0.041667
leaf 0.671250 0.497083 0.090000 0.062500
leaf 0.721875 0.653750 0.031250 0.025833
leaf 0.724375 0.629167 0.071250 0.056667
leaf 0.835000 0.669167 0.150000 0.060000
leaf 0.860000 0.620417 0.202500 0.044167
leaf 0.876250 0.570000 0.090000 0.046667
leaf 0.797500 0.549167 0.085000 0.096667
leaf 0.864375 0.515000 0.096250 0.061667
stem 0.292500 0.198750 0.075000 0.024167
stem 0.211875 0.517500 0.291250 0.423333
stem 0.505000 0.849583 0.305000 0.237500
stem 0.671875 0.701667 0.066250 0.055000
leaf 0.295000 0.102500 0.067500 0.043333
stem 0.484375 0.454583 0.241250 0.149167
