fruit 0.333125 0.342917 0.086250 0.030833
fruit 0.210000 0.303333 0.057500 0.040000
fruit 0.208750 0.262917 0.085000 0.037500
fruit 0.327500 0.277917 0.055000 0.030833
fruit 0.275625 0.278333 0.031250 0.045000
fruit 0.296250 0.257500 0.050000 0.035000
fruit 0.272500 0.224583 0.055000 0.027500
fruit 0.274375 0.202917 0.033750 0.019167
fruit 0.395000 0.274167 0.065000 0.028333
fruit 0.440625 0.277500 0.028750 0.031667
fruit 0.380625 0.249167 0.036250 0.025000
fruit 0.348125 0.219583 0.041250 0.044167
fruit 0.314375 0.203333 0.033750 0.028333
fruit 0.328125 0.165417 0.028750 0.025833
fruit 0.377500 0.158750 0.030000 0.054167
fruit 0.505000 0.225417 0.042500 0.037500
fruit 0.458125 0.240833 0.036250 0.031667
fruit 0.412500 0.240000 0.042500 0.033333
fruit 0.406875 0.216250 0.051250 0.039167
fruit 0.512500 0.171667 0.050000 0.040000
fruit 0.476875 0.195000 0.046250 0.033333
fruit 0.417500 0.190833 0.052500 0.025000
fruit 0.455000 0.164583 0.055000 0.032500
fruit 0.423125 0.153750 0.063750 0.044167
leaf 0.241875 0.296667 0.468750 0.378333
leaf 0.575625 0.267083 0.366250 0.532500
leaf 0.823125 0.346250 0.351250 0.595833
leaf 0.443125 0.665417 0.206250 0.360833
stem 0.607500 0.595833 0.095000 0.125000
stem 0.685625 0.697917 0.146250 0.107500
