flower 0.631250 0.171667 0.072500 0.031667
flower 0.703125 0.227500 0.053750 0.035000
flower 0.668125 0.230000 0.056250 0.033333
flower 0.646250 0.256667 0.057500 0.041667
flower 0.156875 0.236250 0.068750 0.040833
flower 0.824375 0.445000 0.061250 0.026667
flower 0.687500 0.450833 0.047500 0.061667
flower 0.745000 0.447917 0.045000 0.020833
fruit 0.295625 0.266250 0.031250 0.015833
fruit 0.249375 0.273750 0.041250 0.020833
fruit 0.163750 0.394583 0.027500 0.010833
fruit 0.683750 0.455000 0.025000 0.016667
fruit 0.725000 0.434167 0.032500 0.018333
fruit 0.779375 0.447083 0.028750 0.047500
leaf 0.690625 0.171250 0.046250 0.029167
leaf 0.639375 0.091667 0.211250 0.138333
leaf 0.149375 0.173750 0.098750 0.087500
leaf 0.158750 0.269583 0.205000 0.077500
leaf 0.533750 0.223333 0.312500 0.173333
leaf 0.498750 0.399167 0.370000 0.206667
leaf 0.227500 0.399167 0.220000 0.198333
leaf 0.273125 0.532083 0.138750 0.124167
leaf 0.500625 0.620833 0.261250 0.170000
stem 0.721250 0.331667 0.057500 0.166667
stem 0.308125 0.326250 0.048750 0.100833
stem 0.746875 0.491667 0.086250 0.036667
stem 0.671875 0.596667 0.068750 0.221667
stem 0.551250 0.843333 0.227500 0.275000
stem 0.350625 0.546250 0.056250 0.135833
