fruit 0.113750 0.251250 0.032500 0.032500
fruit 0.227500 0.145417 0.022500 0.010833
fruit 0.240000 0.392083 0.035000 0.032500
fruit 0.506250 0.461667 0.022500 0.016667
fruit 0.455625 0.410000 0.041250 0.020000
fruit 0.701875 0.310417 0.043750 0.020833
fruit 0.789375 0.153750 0.023750 0.019167
fruit 0.903125 0.132083 0.056250 0.040833
fruit 0.746875 0.483750 0.031250 0.015833
fruit 0.953125 0.597083 0.026250 0.032500
fruit 0.881875 0.729583 0.053750 0.047500
fruit 0.691875 0.675417 0.053750 0.034167
fruit 0.867500 0.558333 0.060000 0.031667
fruit 0.581875 0.895000 0.046250 0.026667
fruit 0.511250 0.886667 0.037500 0.028333
fruit 0.434375 0.867917 0.048750 0.025833
leaf 0.297500 0.145417 0.087500 0.120833
leaf 0.476875 0.176667 0.018750 0.045000
leaf 0.766875 0.136250 0.031250 0.077500
leaf 0.648125 0.255833 0.046250 0.051667
leaf 0.500000 0.248333 0.265000 0.068333
leaf 0.273125 0.332917 0.196250 0.052500
leaf 0.342500 0.279167 0.125000 0.095000
leaf 0.213125 0.517917 0.066250 0.032500
leaf 0.326250 0.511667 0.145000 0.026667
leaf 0.312500 0.480000 0.127500 0.050000
leaf 0.323125 0.602917 0.021250 0.049167
fruit 0.355625 0.650000 0.038750 0.030000
fruit 0.331875 0.679583 0.033750 0.020833
leaf 0.416875 0.741667 0.063750 0.060000
leaf 0.399375 0.615417 0.091250 0.055833
leaf 0.428750 0.507500 0.047500 0.165000
leaf 0.568125 0.418750 0.226250 0.030833
leaf 0.658750 0.745000 0.075000 0.103333
leaf 0.729375 0.656250 0.043750 0.049167
leaf 0.681875 0.640417 0.053750 0.049167
leaf 0.700000 0.585000 0.090000 0.093333
leaf 0.565625 0.575000 0.048750 0.055000
leaf 0.603750 0.534583 0.062500 0.035833
leaf 0.821875 0.529583 0.051250 0.047500
leaf 0.760625 0.488750 0.096250 0.054167
leaf 0.668125 0.473333 0.058750 0.076667
leaf 0.709375 0.429167 0.056250 0.071667
leaf 0.792500 0.399167 0.067500 0.051667
fruit 0.794375 0.388750 0.018750 0.014167
leaf 0.748125 0.330417 0.058750 0.095833
leaf 0.807500 0.173333 0.055000 0.030000
leaf 0.871875 0.156250 0.013750 0.034167
stem 0.815000 0.234167 0.137500 0.100000
stem 0.582500 0.194583 0.100000 0.075833
stem 0.326250 0.211250 0.070000 0.035833
stem 0.588125 0.333750 0.171250 0.124167
stem 0.415000 0.370417 0.055000 0.094167
stem 0.357500 0.422917 0.035000 0.122500
stem 0.586250 0.843750 0.097500 0.084167
stem 0.468125 0.826250 0.033750 0.132500
stem 0.435625 0.695000 0.031250 0.091667
stem 0.395625 0.557500 0.026250 0.061667
stem 0.581250 0.462917 0.117500 0.054167
stem 0.146250 0.549167 0.045000 0.088333
