flower 0.757500 0.226250 0.042500 0.024167
flower 0.695625 0.222083 0.041250 0.020833
flower 0.733125 0.209583 0.048750 0.024167
flower 0.791250 0.319167 0.022500 0.011667
leaf 0.608125 0.432083 0.073750 0.042500
leaf 0.702500 0.413333 0.027500 0.011667
leaf 0.718750 0.385417 0.057500 0.037500
leaf 0.627500 0.400417 0.035000 0.017500
leaf 0.628750 0.379167 0.050000 0.025000
leaf 0.568125 0.360417 0.056250 0.027500
leaf 0.712500 0.354583 0.035000 0.024167
leaf 0.755000 0.336667 0.037500 0.033333
leaf 0.792500 0.338750 0.040000 0.030833
leaf 0.676875 0.343750 0.033750 0.034167
leaf 0.718125 0.329583 0.036250 0.029167
leaf 0.685625 0.313750 0.033750 0.030833
leaf 0.749375 0.282917 0.078750 0.032500
leaf 0.695000 0.255833 0.045000 0.045000
leaf 0.755000 0.251667 0.065000 0.030000
leaf 0.570000 0.332083 0.055000 0.030833
leaf 0.623750 0.342917 0.055000 0.054167
leaf 0.586875 0.284583 0.101250 0.057500
stem 0.668125 0.397083 0.036250 0.052500
stem 0.646250 0.571250 0.112500 0.234167
