flower 0.833125 0.330833 0.033750 0.035000
flower 0.786250 0.301667 0.032500 0.020000
leaf 0.262500 0.607500 0.032500 0.028333
leaf 0.085625 0.610000 0.018750 0.031667
leaf 0.214375 0.473750 0.041250 0.017500
leaf 0.713750 0.577917 0.037500 0.020833
leaf 0.708125 0.555833 0.041250 0.021667
leaf 0.705000 0.496250 0.067500 0.057500
leaf 0.733125 0.410833 0.033750 0.025000
leaf 0.760000 0.377500 0.057500 0.031667
leaf 0.776875 0.356667 0.041250 0.020000
leaf 0.797500 0.335417 0.035000 0.025833
leaf 0.765625 0.321667 0.031250 0.013333
stem 0.725000 0.387500 0.015000 0.016667
stem 0.701875 0.441250 0.028750 0.054167
stem 0.742500 0.671667 0.100000 0.156667
leaf 0.037500 0.554583 0.035000 0.034167
leaf 0.058750 0.510417 0.057500 0.032500
