flower 0.518125 0.240417 0.071250 0.060833
flower 0.447500 0.258750 0.077500 0.050833
flower 0.403750 0.233333 0.052500 0.030000
flower 0.361875 0.256250 0.093750 0.054167
flower 0.783125 0.344167 0.048750 0.028333
flower 0.847500 0.317917 0.072500 0.030833
flower 0.757500 0.269167 0.060000 0.068333
flower 0.874375 0.271667 0.051250 0.031667
flower 0.897500 0.240417 0.055000 0.034167
flower 0.828750 0.231667 0.087500 0.060000
flower 0.630625 0.389583 0.041250 0.039167
flower 0.625625 0.450417 0.061250 0.035833
leaf 0.648125 0.261667 0.263750 0.235000
leaf 0.712500 0.442083 0.087500 0.109167
leaf 0.855625 0.407500 0.213750 0.165000
leaf 0.818750 0.549167 0.197500 0.126667
leaf 0.651250 0.752500 0.287500 0.181667
leaf 0.330625 0.684167 0.456250 0.313333
stem 0.642500 0.408333 0.005000 0.070000
stem 0.668125 0.585000 0.133750 0.153333
stem 0.820625 0.715000 0.086250 0.081667
leaf 0.595625 0.502500 0.076250 0.076667
leaf 0.480625 0.414167 0.173750 0.150000
flower 0.370000 0.305833 0.070000 0.040000
flower 0.315000 0.305417 0.057500 0.037500
flower 0.390000 0.353750 0.072500 0.045833
flower 0.393125 0.433333 0.091250 0.106667
flower 0.321875 0.509583 0.123750 0.050833
flower 0.251875 0.455417 0.063750 0.039167
flower 0.270000 0.403333 0.095000 0.073333
