flower 0.598125 0.106250 0.041250 0.034167
flower 0.576250 0.116667 0.047500 0.038333
flower 0.270625 0.422917 0.043750 0.025833
leaf 0.697500 0.123333 0.115000 0.141667
leaf 0.538125 0.153750 0.178750 0.132500
leaf 0.692500 0.224583 0.035000 0.027500
leaf 0.780625 0.505833 0.193750 0.095000
leaf 0.689375 0.399583 0.091250 0.117500
leaf 0.546250 0.465000 0.250000 0.121667
leaf 0.502500 0.597500 0.197500 0.158333
leaf 0.624375 0.547083 0.043750 0.044167
leaf 0.365625 0.445833 0.083750 0.155000
leaf 0.209375 0.490417 0.236250 0.145833
leaf 0.300625 0.565000 0.121250 0.036667
stem 0.617500 0.156667 0.015000 0.046667
stem 0.651250 0.239167 0.037500 0.051667
stem 0.699375 0.268333 0.108750 0.050000
stem 0.302500 0.463333 0.020000 0.036667
stem 0.369375 0.539167 0.058750 0.028333
stem 0.661875 0.563333 0.031250 0.056667
stem 0.621250 0.655000 0.110000 0.120000
