flower 0.233750 0.183750 0.030000 0.042500
flower 0.197500 0.171667 0.047500 0.038333
flower 0.160625 0.185833 0.038750 0.041667
flower 0.499375 0.245833 0.053750 0.033333
flower 0.260625 0.231250 0.033750 0.015833
flower 0.305625 0.192917 0.056250 0.027500
flower 0.291250 0.219583 0.057500 0.024167
flower 0.423750 0.269583 0.035000 0.025833
flower 0.450625 0.317500 0.033750 0.021667
flower 0.502500 0.368333 0.047500 0.058333
flower 0.400625 0.336250 0.051250 0.047500
flower 0.453125 0.357917 0.038750 0.032500
leaf 0.311875 0.273750 0.028750 0.034167
leaf 0.329375 0.314583 0.031250 0.020833
leaf 0.231250 0.312500 0.047500 0.056667
leaf 0.283125 0.328750 0.016250 0.024167
leaf 0.219375 0.385417 0.108750 0.065833
leaf 0.327500 0.392917 0.097500 0.082500
leaf 0.242500 0.468333 0.157500 0.081667
leaf 0.235625 0.548333 0.176250 0.090000
leaf 0.273125 0.613750 0.163750 0.052500
leaf 0.466875 0.581250 0.071250 0.059167
leaf 0.419375 0.645833 0.191250 0.071667
leaf 0.548125 0.622500 0.056250 0.041667
leaf 0.418750 0.707083 0.055000 0.027500
leaf 0.496250 0.696250 0.027500 0.029167
leaf 0.548125 0.669583 0.093750 0.059167
leaf 0.615000 0.740833 0.070000 0.043333
leaf 0.545625 0.735417 0.071250 0.047500
leaf 0.605625 0.704167 0.068750 0.025000
leaf 0.779375 0.685833 0.051250 0.050000
leaf 0.752500 0.648750 0.085000 0.024167
leaf 0.658750 0.640833 0.047500 0.050000
leaf 0.622500 0.614583 0.045000 0.042500
leaf 0.688750 0.612917 0.082500 0.022500
leaf 0.673750 0.588750 0.055000 0.024167
leaf 0.641875 0.561667 0.088750 0.050000
leaf 0.846875 0.560000 0.103750 0.066667
leaf 0.813125 0.515417 0.048750 0.047500
leaf 0.732500 0.559583 0.095000 0.040833
leaf 0.760625 0.523333 0.038750 0.033333
leaf 0.701250 0.523750 0.065000 0.030833
leaf 0.594375 0.456250 0.086250 0.067500
leaf 0.660625 0.435417 0.051250 0.034167
leaf 0.637500 0.392917 0.040000 0.055833
leaf 0.803125 0.431667 0.038750 0.068333
leaf 0.776875 0.408333 0.053750 0.040000
leaf 0.843750 0.396667 0.072500 0.031667
leaf 0.804375 0.370833 0.051250 0.035000
leaf 0.756875 0.372500 0.046250 0.038333
leaf 0.601250 0.350000 0.060000 0.046667
leaf 0.662500 0.339167 0.087500 0.066667
leaf 0.681250 0.298333 0.077500 0.025000
leaf 0.623125 0.249583 0.098750 0.032500
leaf 0.822500 0.274583 0.192500 0.104167
stem 0.190625 0.265833 0.106250 0.018333
stem 0.250000 0.265417 0.030000 0.057500
stem 0.210000 0.212500 0.062500 0.021667
stem 0.509375 0.306667 0.063750 0.056667
stem 0.633750 0.271667 0.177500 0.020000
stem 0.716250 0.398750 0.027500 0.202500
stem 0.150625 0.521667 0.033750 0.090000
stem 0.170625 0.717917 0.296250 0.119167
stem 0.322500 0.698750 0.135000 0.024167
stem 0.737500 0.606667 0.042500 0.050000
