fruit 0.525000 0.183333 0.042500 0.026667
fruit 0.461250 0.472500 0.027500 0.023333
leaf 0.813750 0.117083 0.250000 0.164167
leaf 0.400625 0.088333 0.313750 0.173333
leaf 0.460625 0.208750 0.146250 0.070833
leaf 0.443750 0.271250 0.210000 0.070833
leaf 0.406875 0.673333 0.061250 0.070000
leaf 0.311250 0.630000 0.165000 0.061667
leaf 0.502500 0.614583 0.057500 0.025833
leaf 0.305000 0.482917 0.255000 0.207500
leaf 0.545000 0.534583 0.207500 0.110833
stem 0.248125 0.597083 0.031250 0.029167
stem 0.456250 0.655417 0.047500 0.067500
stem 0.427500 0.610000 0.055000 0.046667
stem 0.313750 0.678750 0.055000 0.034167
stem 0.345625 0.822500 0.181250 0.238333
stem 0.615000 0.304583 0.087500 0.077500
stem 0.718125 0.448750 0.118750 0.440833
leaf 0.544375 0.422083 0.223750 0.132500
leaf 0.626875 0.116667 0.156250 0.211667
