flower 0.783750 0.142500 0.055000 0.031667
flower 0.358750 0.389583 0.077500 0.064167
flower 0.402500 0.353333 0.107500 0.033333
flower 0.388750 0.316667 0.067500 0.040000
flower 0.498750 0.393333 0.052500 0.030000
flower 0.475625 0.319583 0.093750 0.057500
flower 0.520000 0.355000 0.047500 0.040000
flower 0.550625 0.307917 0.088750 0.080833
flower 0.748125 0.214167 0.091250 0.045000
flower 0.725000 0.240417 0.052500 0.032500
flower 0.798125 0.245833 0.063750 0.041667
leaf 0.425000 0.197083 0.037500 0.034167
leaf 0.205000 0.335000 0.040000 0.053333
leaf 0.169375 0.356667 0.071250 0.025000
leaf 0.213125 0.396250 0.108750 0.032500
leaf 0.256875 0.422917 0.098750 0.027500
leaf 0.293125 0.446250 0.093750 0.030833
leaf 0.286250 0.366667 0.040000 0.058333
leaf 0.319375 0.399583 0.058750 0.057500
leaf 0.135000 0.515833 0.117500 0.055000
leaf 0.231875 0.537083 0.088750 0.047500
leaf 0.322500 0.551667 0.080000 0.056667
leaf 0.233750 0.760417 0.052500 0.044167
leaf 0.233750 0.720833 0.110000 0.031667
leaf 0.338125 0.739167 0.036250 0.055000
leaf 0.343750 0.686250 0.077500 0.020833
leaf 0.382500 0.705417 0.057500 0.040833
leaf 0.395000 0.664167 0.060000 0.035000
leaf 0.461875 0.690833 0.056250 0.025000
leaf 0.450625 0.653750 0.038750 0.039167
leaf 0.662500 0.710000 0.062500 0.050000
leaf 0.623750 0.655417 0.090000 0.085833
leaf 0.695625 0.619167 0.053750 0.045000
leaf 0.700625 0.587083 0.076250 0.019167
leaf 0.730000 0.555833 0.082500 0.045000
leaf 0.792500 0.545417 0.040000 0.052500
leaf 0.568125 0.594167 0.053750 0.063333
leaf 0.537500 0.571667 0.045000 0.050000
leaf 0.490625 0.549583 0.073750 0.040833
leaf 0.576875 0.540833 0.036250 0.045000
leaf 0.510000 0.500417 0.052500 0.052500
leaf 0.456250 0.499583 0.082500 0.040833
leaf 0.373125 0.488333 0.073750 0.053333
leaf 0.853125 0.486667 0.038750 0.080000
leaf 0.895000 0.425833 0.060000 0.045000
leaf 0.570625 0.467917 0.093750 0.035833
leaf 0.557500 0.421667 0.042500 0.061667
leaf 0.511875 0.422917 0.043750 0.030833
leaf 0.695625 0.436667 0.098750 0.043333
leaf 0.613125 0.427917 0.071250 0.045833
leaf 0.599375 0.372917 0.048750 0.069167
leaf 0.703125 0.393333 0.166250 0.041667
leaf 0.689375 0.338333 0.051250 0.066667
leaf 0.779375 0.362500 0.101250 0.028333
leaf 0.775000 0.331250 0.115000 0.030833
leaf 0.759375 0.295000 0.038750 0.036667
leaf 0.705000 0.275000 0.072500 0.066667
stem 0.443750 0.216250 0.060000 0.014167
stem 0.851875 0.134583 0.073750 0.025833
stem 0.641250 0.362917 0.042500 0.022500
stem 0.444375 0.421667 0.088750 0.105000
stem 0.668125 0.478333 0.093750 0.036667
stem 0.416250 0.604167 0.102500 0.055000
stem 0.525625 0.654583 0.093750 0.097500
stem 0.472500 0.750000 0.100000 0.096667
stem 0.648125 0.610833 0.043750 0.028333
stem 0.614375 0.573750 0.038750 0.054167
stem 0.826875 0.547500 0.038750 0.031667
