fruit 0.225000 0.051667 0.132500 0.026667
fruit 0.290000 0.056250 0.022500 0.010833
fruit 0.369375 0.141250 0.118750 0.045833
fruit 0.416250 0.182500 0.052500 0.041667
fruit 0.425000 0.132083 0.010000 0.012500
fruit 0.433125 0.149167 0.008750 0.015000
fruit 0.436250 0.293750 0.040000 0.057500
leaf 0.688125 0.432500 0.331250 0.298333
leaf 0.271875 0.452083 0.463750 0.265833
leaf 0.261875 0.637917 0.371250 0.259167
leaf 0.703750 0.710417 0.467500 0.339167
stem 0.456250 0.260417 0.017500 0.055833
stem 0.500000 0.458333 0.020000 0.103333
stem 0.481250 0.389583 0.047500 0.090833
stem 0.493750 0.631250 0.040000 0.074167
stem 0.460625 0.834167 0.048750 0.178333
fruit 0.358125 0.097083 0.128750 0.047500
leaf 0.426875 0.833333 0.051250 0.071667
