fruit 0.455625 0.321667 0.253750 0.120000
fruit 0.308125 0.307500 0.066250 0.170000
fruit 0.197500 0.268333 0.115000 0.200000
fruit 0.690625 0.277917 0.278750 0.087500
fruit 0.611250 0.192083 0.127500 0.202500
fruit 0.478750 0.140000 0.205000 0.270000
fruit 0.283750 0.122917 0.115000 0.194167
leaf 0.525000 0.266667 0.040000 0.056667
leaf 0.488125 0.276250 0.076250 0.019167
leaf 0.513125 0.307500 0.061250 0.021667
leaf 0.603125 0.267917 0.098750 0.024167
leaf 0.688125 0.238750 0.043750 0.059167
leaf 0.628125 0.303333 0.106250 0.025000
leaf 0.640625 0.328333 0.101250 0.026667
leaf 0.656875 0.359583 0.093750 0.042500
leaf 0.125625 0.337083 0.078750 0.054167
leaf 0.160000 0.403750 0.080000 0.045833
leaf 0.185625 0.371250 0.048750 0.080833
leaf 0.278750 0.431667 0.085000 0.090000
leaf 0.203750 0.424167 0.062500 0.080000
leaf 0.133125 0.468750 0.056250 0.097500
fruit 0.260000 0.522083 0.207500 0.115833
leaf 0.196250 0.522083 0.082500 0.069167
fruit 0.261875 0.650833 0.251250 0.055000
leaf 0.295625 0.638333 0.118750 0.076667
leaf 0.260000 0.573750 0.132500 0.042500
leaf 0.380625 0.578333 0.063750 0.076667
leaf 0.416875 0.563333 0.096250 0.040000
leaf 0.426875 0.532083 0.116250 0.039167
leaf 0.377500 0.469583 0.077500 0.102500
leaf 0.425625 0.750417 0.056250 0.077500
leaf 0.510625 0.730000 0.128750 0.046667
leaf 0.397500 0.641250 0.055000 0.054167
leaf 0.562500 0.691667 0.072500 0.018333
leaf 0.568750 0.670417 0.042500 0.057500
leaf 0.474375 0.651250 0.098750 0.080833
leaf 0.476250 0.590833 0.072500 0.043333
leaf 0.678125 0.695417 0.076250 0.039167
leaf 0.681875 0.645000 0.098750 0.030000
leaf 0.605000 0.630000 0.082500 0.023333
leaf 0.589375 0.605833 0.086250 0.030000
leaf 0.543750 0.558333 0.102500 0.063333
leaf 0.496875 0.512500 0.058750 0.046667
leaf 0.537500 0.468750 0.072500 0.059167
leaf 0.523750 0.440000 0.082500 0.016667
leaf 0.514375 0.417500 0.093750 0.018333
leaf 0.531250 0.397500 0.055000 0.025000
leaf 0.793125 0.591250 0.096250 0.029167
leaf 0.664375 0.608333 0.073750 0.020000
leaf 0.691875 0.574583 0.123750 0.050833
leaf 0.691875 0.531667 0.126250 0.031667
leaf 0.623125 0.528750 0.076250 0.070833
leaf 0.660000 0.447500 0.152500 0.121667
leaf 0.751250 0.365417 0.095000 0.094167
leaf 0.736875 0.309583 0.071250 0.052500
leaf 0.815625 0.289167 0.068750 0.043333
leaf 0.842500 0.253750 0.065000 0.050833
leaf 0.868750 0.222917 0.037500 0.059167
leaf 0.823750 0.360417 0.055000 0.120833
leaf 0.913125 0.306667 0.136250 0.116667
leaf 0.897500 0.393750 0.110000 0.032500
leaf 0.840625 0.432500 0.168750 0.050000
leaf 0.844375 0.486250 0.161250 0.069167
stem 0.372500 0.236667 0.037500 0.063333
stem 0.254375 0.251250 0.048750 0.047500
stem 0.370625 0.367083 0.071250 0.062500
stem 0.423125 0.399583 0.083750 0.072500
stem 0.317500 0.499167 0.060000 0.030000
stem 0.481875 0.464167 0.041250 0.043333
stem 0.622500 0.679583 0.047500 0.055833
stem 0.663125 0.750417 0.058750 0.067500
stem 0.742500 0.633333 0.027500 0.050000
stem 0.775625 0.553750 0.038750 0.059167
stem 0.760625 0.489167 0.031250 0.075000
stem 0.529375 0.524167 0.021250 0.030000
stem 0.523125 0.703333 0.246250 0.010000
