flower 0.191250 0.612083 0.042500 0.022500
flower 0.272500 0.549583 0.037500 0.022500
flower 0.305000 0.518750 0.105000 0.034167
flower 0.410000 0.379583 0.082500 0.050833
flower 0.483750 0.343750 0.032500 0.019167
flower 0.434375 0.312500 0.043750 0.021667
flower 0.522500 0.300833 0.022500 0.033333
flower 0.659375 0.348333 0.091250 0.051667
flower 0.682500 0.318750 0.050000 0.035833
flower 0.896250 0.403750 0.050000 0.067500
flower 0.899375 0.348333 0.031250 0.020000
flower 0.911875 0.305833 0.106250 0.030000
flower 0.846250 0.290833 0.022500 0.035000
flower 0.805625 0.276667 0.036250 0.013333
leaf 0.628125 0.705417 0.168750 0.114167
leaf 0.601875 0.482917 0.306250 0.187500
stem 0.129375 0.321667 0.221250 0.518333
stem 0.519375 0.204167 0.553750 0.188333
stem 0.494375 0.810417 0.123750 0.197500
stem 0.818750 0.330417 0.107500 0.044167
