flower 0.191250 0.323750 0.205000 0.069167
flower 0.328750 0.266667 0.112500 0.136667
flower 0.663750 0.125000 0.175000 0.133333
leaf 0.548750 0.164167 0.047500 0.155000
leaf 0.488125 0.199167 0.076250 0.030000
leaf 0.669375 0.227083 0.191250 0.129167
leaf 0.886250 0.443750 0.170000 0.154167
leaf 0.773750 0.411667 0.060000 0.133333
leaf 0.692500 0.489167 0.200000 0.098333
leaf 0.748750 0.760833 0.170000 0.128333
leaf 0.448750 0.725417 0.282500 0.082500
leaf 0.429375 0.557917 0.331250 0.225833
stem 0.626875 0.691667 0.078750 0.126667
stem 0.779375 0.599167 0.041250 0.090000
stem 0.792500 0.530833 0.025000 0.091667
leaf 0.678750 0.587083 0.157500 0.120833
leaf 0.390000 0.423750 0.275000 0.125833
leaf 0.625625 0.365833 0.071250 0.140000
leaf 0.479375 0.318750 0.228750 0.177500
