fruit 0.104375 0.084583 0.033750 0.027500
fruit 0.275625 0.050417 0.041250 0.027500
fruit 0.227500 0.257083 0.042500 0.029167
fruit 0.462500 0.262917 0.042500 0.020833
fruit 0.518750 0.130000 0.052500 0.031667
fruit 0.698750 0.110417 0.037500 0.025833
fruit 0.786250 0.319167 0.027500 0.015000
fruit 0.788125 0.307083 0.013750 0.009167
fruit 0.341875 0.392917 0.018750 0.014167
fruit 0.273125 0.391250 0.016250 0.009167
fruit 0.410000 0.438333 0.020000 0.011667
fruit 0.473750 0.475833 0.025000 0.020000
fruit 0.445000 0.477500 0.017500 0.008333
fruit 0.464375 0.765417 0.048750 0.020833
leaf 0.081250 0.086667 0.010000 0.035000
leaf 0.675000 0.112500 0.012500 0.028333
leaf 0.628125 0.193333 0.078750 0.043333
leaf 0.694375 0.203333 0.048750 0.018333
leaf 0.228750 0.295833 0.057500 0.035000
leaf 0.134375 0.280000 0.111250 0.058333
leaf 0.246250 0.393750 0.037500 0.010833
leaf 0.263125 0.400833 0.031250 0.010000
leaf 0.327500 0.385417 0.012500 0.022500
leaf 0.354375 0.387500 0.016250 0.021667
leaf 0.306250 0.407083 0.085000 0.020833
leaf 0.330625 0.430417 0.078750 0.029167
leaf 0.384375 0.453750 0.041250 0.055833
leaf 0.439375 0.460833 0.043750 0.045000
leaf 0.467500 0.502083 0.075000 0.037500
leaf 0.486250 0.483750 0.047500 0.069167
leaf 0.806875 0.316250 0.033750 0.017500
leaf 0.792500 0.359583 0.060000 0.057500
leaf 0.873750 0.386250 0.102500 0.024167
leaf 0.221875 0.517500 0.056250 0.051667
leaf 0.332500 0.599583 0.125000 0.049167
leaf 0.467500 0.687917 0.080000 0.067500
leaf 0.583125 0.722917 0.186250 0.064167
stem 0.490625 0.591667 0.028750 0.145000
stem 0.291875 0.653750 0.018750 0.084167
stem 0.265625 0.548333 0.036250 0.066667
stem 0.220625 0.462917 0.028750 0.059167
stem 0.197500 0.365833 0.015000 0.105000
stem 0.360625 0.530000 0.103750 0.093333
stem 0.340000 0.465000 0.027500 0.043333
stem 0.684375 0.542500 0.281250 0.291667
stem 0.587500 0.331250 0.160000 0.234167
stem 0.441875 0.357500 0.048750 0.163333
stem 0.279375 0.337083 0.051250 0.090833
stem 0.895000 0.361250 0.060000 0.030833
stem 0.873750 0.257500 0.092500 0.231667
stem 0.663750 0.157917 0.022500 0.069167
stem 0.498125 0.109167 0.053750 0.016667
stem 0.375000 0.176250 0.235000 0.155833
stem 0.113750 0.178333 0.075000 0.150000
stem 0.231250 0.151250 0.062500 0.174167
stem 0.198750 0.268333 0.022500 0.066667
fruit 0.952500 0.135000 0.045000 0.030000
leaf 0.062500 0.094167 0.065000 0.043333
stem 0.563750 0.814167 0.117500 0.113333
leaf 0.563125 0.889167 0.068750 0.043333
