fruit 0.727500 0.447500 0.140000 0.058333
fruit 0.615625 0.463750 0.113750 0.085833
fruit 0.615625 0.222917 0.021250 0.015833
leaf 0.671250 0.175417 0.085000 0.044167
leaf 0.668750 0.218750 0.062500 0.037500
leaf 0.610000 0.199167 0.040000 0.035000
leaf 0.599375 0.232500 0.058750 0.021667
leaf 0.553125 0.197500 0.076250 0.041667
leaf 0.529375 0.167917 0.066250 0.049167
leaf 0.455000 0.137917 0.067500 0.067500
leaf 0.443750 0.179583 0.077500 0.035833
leaf 0.464375 0.219583 0.091250 0.027500
leaf 0.486875 0.266667 0.073750 0.031667
leaf 0.704375 0.247083 0.058750 0.049167
leaf 0.762500 0.255000 0.062500 0.043333
leaf 0.811250 0.274167 0.087500 0.036667
leaf 0.766250 0.301250 0.060000 0.039167
leaf 0.705000 0.298750 0.057500 0.045833
leaf 0.649375 0.290833 0.073750 0.031667
leaf 0.658750 0.325000 0.075000 0.026667
leaf 0.570000 0.317917 0.080000 0.050833
leaf 0.437500 0.331250 0.047500 0.039167
leaf 0.403750 0.308333 0.065000 0.040000
leaf 0.358750 0.285833 0.057500 0.051667
leaf 0.248750 0.273750 0.097500 0.060833
leaf 0.281875 0.329583 0.076250 0.037500
leaf 0.328750 0.352500 0.067500 0.038333
leaf 0.376250 0.379167 0.057500 0.045000
leaf 0.676250 0.365000 0.130000 0.046667
leaf 0.548750 0.365417 0.107500 0.055833
leaf 0.584375 0.397083 0.073750 0.057500
leaf 0.720625 0.413750 0.083750 0.060833
leaf 0.637500 0.406250 0.050000 0.050833
leaf 0.361250 0.450000 0.072500 0.036667
leaf 0.263750 0.403333 0.055000 0.063333
leaf 0.352500 0.509167 0.045000 0.038333
leaf 0.713125 0.520000 0.121250 0.053333
leaf 0.735625 0.572500 0.096250 0.058333
leaf 0.616875 0.523750 0.056250 0.059167
leaf 0.653750 0.567083 0.065000 0.030833
leaf 0.574375 0.566250 0.073750 0.034167
leaf 0.730000 0.631250 0.062500 0.029167
leaf 0.718125 0.611250 0.046250 0.020833
leaf 0.710625 0.662500 0.063750 0.046667
leaf 0.662500 0.619583 0.055000 0.019167
leaf 0.646250 0.596250 0.040000 0.025833
leaf 0.592500 0.595833 0.065000 0.028333
leaf 0.611875 0.625833 0.071250 0.038333
leaf 0.676875 0.719167 0.063750 0.048333
leaf 0.628750 0.711667 0.050000 0.050000
leaf 0.643125 0.667083 0.068750 0.045833
leaf 0.453750 0.658750 0.057500 0.050833
leaf 0.552500 0.656667 0.107500 0.051667
leaf 0.514375 0.604583 0.103750 0.067500
stem 0.531250 0.262500 0.030000 0.081667
stem 0.582500 0.269167 0.087500 0.038333
stem 0.538125 0.297917 0.061250 0.032500
stem 0.495000 0.333750 0.055000 0.050833
stem 0.445000 0.387500 0.040000 0.063333
stem 0.296250 0.450833 0.042500 0.025000
stem 0.402500 0.537500 0.050000 0.268333
stem 0.468125 0.813333 0.138750 0.270000
stem 0.492500 0.510000 0.145000 0.068333
