flower 0.334375 0.113333 0.068750 0.063333
flower 0.315625 0.200417 0.076250 0.055833
flower 0.373125 0.170000 0.018750 0.016667
flower 0.420000 0.239583 0.025000 0.022500
flower 0.441875 0.342917 0.073750 0.037500
flower 0.348125 0.360417 0.036250 0.017500
flower 0.503750 0.341667 0.042500 0.020000
flower 0.425000 0.383750 0.025000 0.010833
flower 0.472500 0.454167 0.032500 0.025000
flower 0.331250 0.460417 0.065000 0.054167
flower 0.307500 0.485833 0.060000 0.041667
flower 0.511250 0.476250 0.040000 0.039167
flower 0.400625 0.468333 0.036250 0.026667
flower 0.360625 0.495417 0.048750 0.060833
flower 0.535000 0.374583 0.040000 0.022500
flower 0.495625 0.363750 0.031250 0.025833
flower 0.464375 0.380000 0.016250 0.023333
flower 0.395625 0.404583 0.046250 0.035833
flower 0.458125 0.230000 0.033750 0.021667
flower 0.405625 0.160417 0.028750 0.017500
flower 0.381250 0.265000 0.052500 0.031667
flower 0.395000 0.138333 0.092500 0.036667
leaf 0.373750 0.222917 0.022500 0.027500
leaf 0.518125 0.515000 0.028750 0.041667
leaf 0.451250 0.525833 0.100000 0.023333
leaf 0.533750 0.591667 0.180000 0.120000
leaf 0.723750 0.678333 0.085000 0.131667
leaf 0.653125 0.839583 0.186250 0.125833
stem 0.396250 0.202500 0.020000 0.048333
stem 0.420000 0.287500 0.025000 0.071667
stem 0.416250 0.370833 0.050000 0.013333
stem 0.463125 0.412500 0.088750 0.053333
stem 0.420000 0.497500 0.065000 0.028333
stem 0.638125 0.692500 0.096250 0.071667
stem 0.706250 0.747083 0.057500 0.034167
stem 0.785625 0.770417 0.096250 0.044167
