leaf 0.300000 0.122083 0.020000 0.019167
leaf 0.316875 0.125000 0.013750 0.016667
leaf 0.253125 0.147500 0.041250 0.021667
leaf 0.355625 0.255833 0.043750 0.030000
leaf 0.293750 0.232917 0.037500 0.030833
leaf 0.303125 0.202083 0.033750 0.025833
leaf 0.303750 0.182083 0.052500 0.025833
leaf 0.584375 0.390833 0.028750 0.035000
leaf 0.586250 0.315417 0.062500 0.024167
leaf 0.653750 0.196667 0.045000 0.023333
leaf 0.637500 0.172500 0.045000 0.033333
leaf 0.591875 0.162917 0.051250 0.032500
stem 0.297500 0.156250 0.045000 0.039167
stem 0.306875 0.272500 0.063750 0.051667
stem 0.304375 0.420000 0.038750 0.256667
stem 0.395625 0.547500 0.128750 0.043333
stem 0.623750 0.459583 0.057500 0.167500
stem 0.594375 0.347917 0.018750 0.049167
stem 0.607500 0.237500 0.050000 0.121667
