fruit 0.795625 0.624583 0.078750 0.032500
fruit 0.859375 0.629167 0.078750 0.041667
fruit 0.802500 0.593750 0.085000 0.034167
fruit 0.873750 0.590000 0.067500 0.043333
fruit 0.830000 0.575417 0.072500 0.030833
fruit 0.779375 0.562500 0.063750 0.038333
fruit 0.850625 0.545833 0.088750 0.055000
fruit 0.781875 0.525833 0.043750 0.045000
fruit 0.862500 0.503750 0.117500 0.040833
fruit 0.799375 0.488750 0.068750 0.035833
fruit 0.871875 0.474583 0.088750 0.032500
fruit 0.861250 0.446667 0.092500 0.040000
fruit 0.792500 0.450417 0.070000 0.049167
stem 0.374375 0.512917 0.251250 0.182500
stem 0.411250 0.321667 0.327500 0.200000
leaf 0.510000 0.139583 0.690000 0.177500
leaf 0.716250 0.317917 0.285000 0.205833
leaf 0.591250 0.663333 0.182500 0.476667
leaf 0.163125 0.258750 0.156250 0.407500
leaf 0.261875 0.677917 0.221250 0.420833
