flower 0.180000 0.072917 0.025000 0.017500
flower 0.151250 0.088333 0.027500 0.008333
flower 0.273750 0.183333 0.022500 0.013333
leaf 0.490625 0.072917 0.046250 0.032500
leaf 0.551875 0.055417 0.028750 0.025833
leaf 0.553125 0.095417 0.031250 0.022500
leaf 0.515000 0.148333 0.020000 0.020000
leaf 0.518125 0.199167 0.031250 0.025000
leaf 0.480625 0.203750 0.038750 0.022500
leaf 0.473125 0.244583 0.061250 0.032500
leaf 0.511875 0.232083 0.033750 0.040833
leaf 0.621875 0.277500 0.026250 0.031667
leaf 0.577500 0.282500 0.077500 0.051667
leaf 0.648125 0.323333 0.048750 0.025000
leaf 0.603125 0.352083 0.033750 0.032500
leaf 0.637500 0.356250 0.025000 0.025833
leaf 0.611875 0.400417 0.056250 0.027500
leaf 0.680625 0.396250 0.053750 0.029167
leaf 0.632500 0.468333 0.040000 0.026667
leaf 0.383125 0.666250 0.046250 0.037500
leaf 0.383125 0.614167 0.058750 0.050000
leaf 0.436250 0.611667 0.060000 0.026667
leaf 0.455000 0.581250 0.060000 0.039167
leaf 0.506250 0.588750 0.050000 0.024167
leaf 0.555625 0.554583 0.041250 0.034167
leaf 0.558125 0.519167 0.031250 0.015000
leaf 0.445000 0.535417 0.075000 0.024167
leaf 0.464375 0.514583 0.018750 0.020833
leaf 0.489375 0.501667 0.033750 0.020000
leaf 0.226250 0.499583 0.090000 0.044167
leaf 0.130625 0.487500 0.091250 0.048333
leaf 0.453125 0.446250 0.058750 0.045833
leaf 0.440000 0.379583 0.065000 0.050833
leaf 0.213750 0.411250 0.027500 0.024167
leaf 0.178125 0.398750 0.053750 0.037500
leaf 0.821875 0.328333 0.091250 0.031667
leaf 0.896875 0.321250 0.046250 0.045833
leaf 0.876875 0.294583 0.036250 0.019167
leaf 0.835000 0.293333 0.035000 0.025000
leaf 0.832500 0.260417 0.060000 0.042500
leaf 0.816875 0.197500 0.071250 0.036667
leaf 0.880625 0.195833 0.046250 0.028333
leaf 0.880625 0.145000 0.056250 0.043333
leaf 0.876875 0.092917 0.071250 0.052500
leaf 0.880625 0.054167 0.078750 0.028333
leaf 0.333750 0.187500 0.040000 0.021667
leaf 0.333750 0.242500 0.067500 0.040000
leaf 0.350000 0.212500 0.042500 0.026667
leaf 0.293125 0.337083 0.096250 0.055833
leaf 0.315000 0.290000 0.092500 0.030000
leaf 0.234375 0.305417 0.073750 0.052500
leaf 0.162500 0.313333 0.067500 0.051667
leaf 0.258125 0.253333 0.066250 0.028333
leaf 0.190000 0.276667 0.045000 0.040000
leaf 0.141875 0.248750 0.041250 0.034167
leaf 0.192500 0.247917 0.045000 0.029167
leaf 0.115625 0.207500 0.061250 0.023333
leaf 0.189375 0.196250 0.053750 0.052500
leaf 0.136250 0.177917 0.072500 0.040833
leaf 0.190625 0.150000 0.066250 0.036667
leaf 0.165625 0.122500 0.063750 0.035000
leaf 0.108750 0.102917 0.087500 0.057500
stem 0.093750 0.148333 0.027500 0.031667
stem 0.129375 0.151250 0.013750 0.035833
stem 0.192500 0.110000 0.037500 0.026667
stem 0.516250 0.120833 0.037500 0.035000
stem 0.554375 0.077083 0.016250 0.017500
stem 0.502500 0.166250 0.007500 0.030833
stem 0.252500 0.215833 0.035000 0.051667
stem 0.146250 0.283750 0.022500 0.030833
stem 0.158750 0.368750 0.015000 0.064167
stem 0.215000 0.365000 0.017500 0.066667
stem 0.250000 0.394583 0.055000 0.067500
stem 0.212500 0.453750 0.030000 0.055833
stem 0.165000 0.447917 0.022500 0.054167
stem 0.156250 0.563333 0.047500 0.091667
stem 0.446875 0.487917 0.013750 0.040833
stem 0.430625 0.423333 0.006250 0.025000
stem 0.642500 0.432917 0.020000 0.039167
stem 0.629375 0.382083 0.021250 0.019167
stem 0.589375 0.324167 0.028750 0.026667
stem 0.519375 0.267083 0.038750 0.027500
stem 0.853750 0.226667 0.010000 0.026667
stem 0.883750 0.450417 0.062500 0.207500
leaf 0.182500 0.087500 0.052500 0.021667
leaf 0.721250 0.329167 0.077500 0.031667
leaf 0.696875 0.360000 0.063750 0.030000
