flower 0.499375 0.097500 0.023750 0.010000
flower 0.516875 0.110000 0.026250 0.020000
flower 0.335000 0.233750 0.040000 0.024167
flower 0.492500 0.200417 0.022500 0.010833
flower 0.293750 0.249583 0.017500 0.015833
flower 0.315625 0.248333 0.016250 0.023333
flower 0.126250 0.386667 0.052500 0.016667
flower 0.083125 0.388750 0.013750 0.040833
flower 0.119375 0.402083 0.013750 0.014167
flower 0.338125 0.500417 0.041250 0.030833
flower 0.343125 0.478750 0.028750 0.019167
flower 0.370000 0.487500 0.017500 0.008333
flower 0.444375 0.529583 0.028750 0.025833
flower 0.433125 0.515833 0.053750 0.021667
flower 0.731875 0.576250 0.023750 0.019167
flower 0.401250 0.392500 0.022500 0.013333
flower 0.376875 0.386667 0.016250 0.010000
flower 0.188125 0.396250 0.021250 0.010833
flower 0.494375 0.453333 0.021250 0.010000
flower 0.463125 0.450417 0.023750 0.014167
flower 0.443125 0.437083 0.023750 0.019167
flower 0.501250 0.425417 0.022500 0.015833
flower 0.475625 0.425833 0.028750 0.008333
flower 0.455625 0.420000 0.036250 0.016667
flower 0.561875 0.438333 0.021250 0.013333
flower 0.638750 0.390417 0.040000 0.019167
flower 0.667500 0.404583 0.012500 0.007500
flower 0.724375 0.381667 0.058750 0.020000
flower 0.852500 0.487083 0.030000 0.020833
flower 0.756250 0.130833 0.032500 0.016667
flower 0.746875 0.102500 0.033750 0.021667
flower 0.708750 0.099583 0.012500 0.010833
leaf 0.479375 0.082083 0.046250 0.019167
leaf 0.477500 0.103333 0.030000 0.020000
leaf 0.539375 0.107917 0.026250 0.017500
leaf 0.540000 0.125833 0.035000 0.016667
leaf 0.501875 0.125833 0.023750 0.015000
leaf 0.529375 0.154167 0.023750 0.013333
leaf 0.426250 0.116667 0.042500 0.020000
leaf 0.440000 0.134583 0.050000 0.020833
leaf 0.408750 0.144583 0.045000 0.024167
leaf 0.351875 0.154167 0.033750 0.016667
leaf 0.371250 0.178750 0.042500 0.020833
flower 0.491250 0.236667 0.027500 0.008333
flower 0.508125 0.226250 0.016250 0.014167
leaf 0.478750 0.224583 0.027500 0.015833
flower 0.402500 0.226667 0.030000 0.010000
leaf 0.415625 0.212083 0.028750 0.022500
leaf 0.386875 0.215833 0.028750 0.020000
leaf 0.400625 0.167083 0.046250 0.025833
leaf 0.445000 0.170000 0.040000 0.018333
flower 0.443125 0.152500 0.018750 0.011667
leaf 0.473750 0.184583 0.040000 0.025833
leaf 0.298125 0.225833 0.046250 0.020000
leaf 0.336250 0.257917 0.022500 0.020833
leaf 0.278750 0.255000 0.020000 0.013333
leaf 0.179375 0.338333 0.028750 0.025000
leaf 0.173750 0.377500 0.037500 0.021667
flower 0.100625 0.419583 0.026250 0.020833
flower 0.141875 0.438750 0.043750 0.015833
flower 0.198125 0.422083 0.026250 0.020833
flower 0.417500 0.430833 0.015000 0.015000
flower 0.608125 0.385417 0.018750 0.024167
flower 0.547500 0.405417 0.017500 0.019167
flower 0.540625 0.427500 0.016250 0.015000
flower 0.516250 0.452083 0.025000 0.014167
flower 0.358750 0.390833 0.012500 0.025000
flower 0.342500 0.275417 0.015000 0.010833
flower 0.145000 0.417083 0.020000 0.015833
leaf 0.103750 0.400000 0.020000 0.013333
leaf 0.099375 0.459583 0.028750 0.022500
leaf 0.218750 0.440000 0.022500 0.011667
flower 0.125000 0.605000 0.020000 0.026667
flower 0.155000 0.594583 0.042500 0.019167
leaf 0.153750 0.612917 0.040000 0.020833
leaf 0.395625 0.545417 0.036250 0.025833
leaf 0.410625 0.530833 0.026250 0.015000
leaf 0.493125 0.493333 0.046250 0.028333
leaf 0.559375 0.520833 0.036250 0.021667
flower 0.700000 0.555000 0.015000 0.010000
flower 0.879375 0.586667 0.026250 0.016667
flower 0.850625 0.550417 0.016250 0.019167
flower 0.821875 0.488333 0.041250 0.021667
leaf 0.726875 0.553333 0.031250 0.020000
leaf 0.676250 0.550417 0.032500 0.014167
leaf 0.844375 0.569583 0.071250 0.037500
leaf 0.834375 0.535000 0.028750 0.018333
leaf 0.820000 0.520417 0.030000 0.014167
leaf 0.925625 0.527500 0.041250 0.028333
leaf 0.380625 0.410417 0.036250 0.012500
leaf 0.413750 0.414167 0.030000 0.020000
leaf 0.566875 0.458333 0.041250 0.031667
leaf 0.603750 0.449583 0.027500 0.025833
leaf 0.575000 0.412500 0.030000 0.038333
leaf 0.541250 0.385833 0.022500 0.015000
leaf 0.629375 0.420417 0.061250 0.042500
leaf 0.693750 0.420417 0.047500 0.025833
leaf 0.708125 0.400833 0.031250 0.021667
flower 0.838125 0.164583 0.031250 0.014167
flower 0.833750 0.182500 0.030000 0.011667
flower 0.704375 0.122500 0.016250 0.013333
leaf 0.833125 0.195833 0.033750 0.018333
leaf 0.861875 0.176667 0.026250 0.016667
leaf 0.804375 0.172500 0.046250 0.018333
leaf 0.726250 0.135417 0.030000 0.025833
stem 0.748125 0.066667 0.038750 0.051667
stem 0.786875 0.140000 0.026250 0.043333
stem 0.531250 0.162500 0.135000 0.011667
stem 0.344375 0.110000 0.093750 0.065000
stem 0.421875 0.191250 0.051250 0.017500
stem 0.638750 0.266250 0.235000 0.092500
stem 0.802500 0.328333 0.085000 0.241667
stem 0.313750 0.310000 0.047500 0.063333
stem 0.230625 0.272500 0.086250 0.241667
stem 0.309375 0.423333 0.176250 0.020000
stem 0.456875 0.380000 0.031250 0.066667
stem 0.771875 0.532917 0.078750 0.012500
stem 0.699375 0.487500 0.056250 0.106667
stem 0.613750 0.532917 0.077500 0.040833
stem 0.190625 0.512500 0.138750 0.096667
stem 0.404375 0.476667 0.046250 0.060000
stem 0.315625 0.702917 0.263750 0.279167
stem 0.637500 0.690000 0.085000 0.265000
stem 0.303750 0.162917 0.052500 0.027500
leaf 0.059375 0.417917 0.021250 0.025833
flower 0.057500 0.381667 0.032500 0.031667
stem 0.349375 0.541250 0.046250 0.044167
