flower 0.626875 0.550833 0.066250 0.043333
flower 0.553750 0.510833 0.055000 0.038333
flower 0.616250 0.506250 0.057500 0.024167
flower 0.501875 0.445417 0.043750 0.044167
flower 0.341250 0.216667 0.072500 0.030000
flower 0.324375 0.244167 0.053750 0.043333
leaf 0.741250 0.208750 0.075000 0.110833
leaf 0.899375 0.325417 0.201250 0.130833
leaf 0.760000 0.385417 0.075000 0.122500
leaf 0.794375 0.480417 0.161250 0.109167
leaf 0.653750 0.401250 0.130000 0.205833
leaf 0.809375 0.602083 0.126250 0.104167
leaf 0.621250 0.672500 0.115000 0.205000
leaf 0.497500 0.567083 0.240000 0.054167
leaf 0.418125 0.521250 0.231250 0.040833
leaf 0.467500 0.438750 0.245000 0.140833
leaf 0.327500 0.433333 0.067500 0.070000
leaf 0.587500 0.257917 0.267500 0.059167
leaf 0.443750 0.319583 0.242500 0.109167
leaf 0.105000 0.289583 0.112500 0.150833
leaf 0.250625 0.294583 0.103750 0.044167
leaf 0.318750 0.268333 0.292500 0.076667
leaf 0.133750 0.114167 0.230000 0.205000
leaf 0.407500 0.112083 0.332500 0.222500
stem 0.218750 0.377500 0.110000 0.108333
stem 0.306875 0.375000 0.041250 0.048333
stem 0.274375 0.330000 0.053750 0.038333
stem 0.758125 0.289583 0.071250 0.057500
stem 0.285625 0.497500 0.031250 0.138333
stem 0.320000 0.575833 0.105000 0.055000
stem 0.445000 0.698750 0.162500 0.202500
stem 0.790000 0.728333 0.235000 0.143333
stem 0.673125 0.536667 0.081250 0.040000
stem 0.789375 0.540833 0.118750 0.021667
stem 0.866875 0.539167 0.051250 0.126667
stem 0.893750 0.410833 0.040000 0.036667
stem 0.770000 0.292083 0.060000 0.060833
stem 0.537500 0.828750 0.332500 0.102500
leaf 0.716250 0.583750 0.047500 0.042500
