flower 0.891250 0.690000 0.067500 0.056667
flower 0.770625 0.507083 0.071250 0.052500
flower 0.370000 0.163750 0.082500 0.049167
flower 0.652500 0.211250 0.080000 0.052500
flower 0.619375 0.163333 0.083750 0.051667
flower 0.568750 0.185000 0.077500 0.046667
leaf 0.344375 0.116667 0.063750 0.070000
leaf 0.256875 0.147917 0.101250 0.135833
leaf 0.336250 0.247500 0.145000 0.078333
leaf 0.128750 0.246250 0.175000 0.159167
leaf 0.287500 0.321667 0.132500 0.070000
leaf 0.146250 0.377917 0.127500 0.099167
leaf 0.125625 0.471667 0.153750 0.113333
leaf 0.223750 0.547083 0.147500 0.157500
leaf 0.351250 0.591250 0.147500 0.134167
leaf 0.585000 0.437917 0.170000 0.054167
leaf 0.341875 0.428750 0.141250 0.097500
leaf 0.453750 0.345417 0.177500 0.159167
leaf 0.507500 0.207917 0.122500 0.112500
leaf 0.673125 0.286250 0.266250 0.139167
leaf 0.496250 0.530417 0.227500 0.152500
leaf 0.663125 0.520417 0.113750 0.050833
leaf 0.766875 0.550833 0.108750 0.045000
leaf 0.648125 0.606667 0.163750 0.050000
leaf 0.773750 0.614167 0.122500 0.075000
leaf 0.573125 0.677083 0.141250 0.117500
leaf 0.687500 0.695417 0.120000 0.112500
leaf 0.819375 0.679167 0.133750 0.075000
leaf 0.879375 0.746250 0.163750 0.070833
leaf 0.716875 0.803750 0.271250 0.102500
stem 0.083125 0.565833 0.131250 0.081667
stem 0.549375 0.404583 0.053750 0.024167
stem 0.438750 0.629583 0.100000 0.034167
stem 0.227500 0.651667 0.097500 0.066667
stem 0.343750 0.708333 0.307500 0.095000
stem 0.601875 0.754167 0.218750 0.023333
