flower 0.417500 0.162083 0.040000 0.020833
flower 0.342500 0.205833 0.052500 0.038333
flower 0.682500 0.219583 0.070000 0.015833
flower 0.715625 0.258333 0.031250 0.020000
flower 0.750625 0.254583 0.023750 0.012500
flower 0.436250 0.240000 0.030000 0.031667
flower 0.455625 0.284167 0.021250 0.018333
flower 0.499375 0.284167 0.018750 0.016667
flower 0.543750 0.297500 0.010000 0.011667
flower 0.558125 0.325417 0.021250 0.014167
flower 0.716875 0.300417 0.016250 0.012500
flower 0.553125 0.344583 0.028750 0.024167
flower 0.714375 0.396250 0.021250 0.012500
flower 0.658125 0.391667 0.036250 0.025000
flower 0.628750 0.400417 0.022500 0.020833
flower 0.238750 0.462083 0.037500 0.025833
flower 0.269375 0.500417 0.041250 0.022500
flower 0.375000 0.550833 0.040000 0.021667
flower 0.411250 0.534167 0.032500 0.023333
flower 0.454375 0.518333 0.023750 0.010000
flower 0.303750 0.717500 0.020000 0.018333
flower 0.287500 0.690000 0.017500 0.010000
leaf 0.341250 0.140000 0.100000 0.106667
leaf 0.306875 0.295000 0.166250 0.116667
leaf 0.568125 0.214167 0.161250 0.178333
leaf 0.788750 0.180417 0.127500 0.070833
leaf 0.676875 0.326250 0.061250 0.044167
leaf 0.768750 0.252917 0.237500 0.100833
leaf 0.738125 0.365417 0.086250 0.105833
leaf 0.411250 0.379583 0.307500 0.084167
leaf 0.269375 0.444583 0.136250 0.125833
leaf 0.264375 0.532500 0.103750 0.036667
leaf 0.489375 0.472917 0.143750 0.117500
leaf 0.711875 0.439167 0.033750 0.058333
leaf 0.687500 0.487500 0.075000 0.048333
leaf 0.688750 0.577083 0.175000 0.135833
leaf 0.563750 0.536667 0.070000 0.130000
flower 0.458125 0.548750 0.048750 0.022500
leaf 0.727500 0.672500 0.122500 0.058333
leaf 0.418750 0.601667 0.115000 0.093333
leaf 0.236875 0.625833 0.143750 0.123333
leaf 0.473125 0.709583 0.251250 0.100833
leaf 0.266875 0.803750 0.111250 0.154167
stem 0.596250 0.347083 0.040000 0.080833
stem 0.567500 0.421667 0.020000 0.066667
stem 0.666875 0.436250 0.041250 0.045833
stem 0.626250 0.489583 0.055000 0.050833
stem 0.401250 0.227917 0.035000 0.032500
stem 0.342500 0.527500 0.057500 0.020000
stem 0.494375 0.575000 0.068750 0.023333
stem 0.601875 0.665417 0.103750 0.105833
stem 0.450000 0.655417 0.225000 0.020833
stem 0.331875 0.671250 0.061250 0.035833
stem 0.575000 0.860000 0.095000 0.191667
stem 0.226250 0.721250 0.030000 0.045833
