fruit 0.222500 0.295833 0.070000 0.045000
leaf 0.930000 0.122500 0.140000 0.113333
leaf 0.780625 0.116667 0.136250 0.200000
leaf 0.630625 0.171667 0.241250 0.210000
leaf 0.420625 0.227500 0.183750 0.251667
leaf 0.808750 0.300417 0.145000 0.102500
leaf 0.677500 0.382083 0.117500 0.077500
leaf 0.808125 0.436250 0.343750 0.219167
leaf 0.750000 0.616250 0.165000 0.217500
leaf 0.559375 0.386250 0.161250 0.210833
leaf 0.254375 0.385417 0.436250 0.145833
leaf 0.304375 0.511667 0.476250 0.145000
stem 0.457500 0.356250 0.050000 0.037500
stem 0.660000 0.311250 0.042500 0.100833
stem 0.863125 0.213333 0.068750 0.040000
stem 0.809375 0.233750 0.068750 0.035833
stem 0.753125 0.284583 0.031250 0.024167
stem 0.673750 0.433333 0.027500 0.040000
stem 0.381250 0.682917 0.180000 0.172500
stem 0.648125 0.832917 0.446250 0.090833
stem 0.608125 0.577083 0.098750 0.147500
stem 0.301875 0.297917 0.078750 0.014167
leaf 0.573750 0.711667 0.197500 0.165000
stem 0.725625 0.777083 0.078750 0.075833
