flower 0.487500 0.082917 0.035000 0.025833
flower 0.625625 0.099167 0.046250 0.035000
flower 0.539375 0.089583 0.026250 0.034167
flower 0.550000 0.060000 0.032500 0.018333
flower 0.571250 0.085417 0.045000 0.035833
flower 0.762500 0.088750 0.042500 0.024167
flower 0.878125 0.089167 0.038750 0.026667
flower 0.825625 0.097083 0.058750 0.039167
leaf 0.105000 0.623333 0.097500 0.103333
leaf 0.214375 0.684583 0.111250 0.070833
leaf 0.306250 0.768333 0.115000 0.046667
leaf 0.183125 0.751667 0.178750 0.080000
leaf 0.765000 0.728333 0.142500 0.088333
leaf 0.865625 0.677917 0.166250 0.095833
leaf 0.295000 0.670417 0.117500 0.085833
leaf 0.458750 0.634167 0.075000 0.075000
leaf 0.264375 0.589167 0.181250 0.085000
leaf 0.408750 0.554583 0.125000 0.124167
leaf 0.159375 0.528333 0.146250 0.063333
leaf 0.323750 0.498750 0.135000 0.104167
leaf 0.137500 0.459167 0.122500 0.083333
leaf 0.236875 0.422500 0.111250 0.108333
leaf 0.140000 0.355000 0.202500 0.133333
leaf 0.551875 0.494167 0.201250 0.163333
leaf 0.465000 0.387500 0.252500 0.171667
leaf 0.653125 0.388750 0.146250 0.154167
leaf 0.463750 0.281250 0.147500 0.080833
leaf 0.614375 0.280000 0.171250 0.108333
leaf 0.488750 0.208333 0.165000 0.100000
leaf 0.640000 0.196667 0.152500 0.073333
leaf 0.520000 0.135000 0.165000 0.056667
leaf 0.761250 0.147917 0.117500 0.100833
leaf 0.868125 0.162500 0.088750 0.091667
leaf 0.798125 0.234583 0.113750 0.099167
leaf 0.906250 0.322500 0.077500 0.140000
leaf 0.796250 0.345000 0.160000 0.133333
leaf 0.756875 0.428333 0.118750 0.110000
leaf 0.890000 0.467917 0.145000 0.152500
leaf 0.755625 0.556667 0.136250 0.136667
leaf 0.895000 0.586250 0.112500 0.097500
stem 0.600625 0.638750 0.136250 0.120833
stem 0.858125 0.771667 0.046250 0.056667
stem 0.331250 0.742500 0.092500 0.028333
stem 0.441250 0.741250 0.135000 0.099167
stem 0.127500 0.688750 0.072500 0.049167
stem 0.662500 0.798750 0.300000 0.054167
