fruit 0.230625 0.665833 0.028750 0.018333
fruit 0.160000 0.657500 0.020000 0.020000
fruit 0.149375 0.606250 0.023750 0.015833
fruit 0.696875 0.508333 0.021250 0.023333
fruit 0.645000 0.495417 0.027500 0.017500
fruit 0.148750 0.482917 0.025000 0.012500
leaf 0.721250 0.137500 0.217500 0.171667
leaf 0.606875 0.234583 0.128750 0.062500
leaf 0.464375 0.141250 0.313750 0.155833
leaf 0.116875 0.217500 0.078750 0.136667
leaf 0.290625 0.276250 0.218750 0.119167
leaf 0.083125 0.424167 0.163750 0.118333
leaf 0.451250 0.413333 0.172500 0.270000
leaf 0.646875 0.473750 0.293750 0.172500
leaf 0.600000 0.596250 0.147500 0.150833
leaf 0.496875 0.729583 0.128750 0.130833
leaf 0.740625 0.745833 0.128750 0.061667
stem 0.183750 0.700000 0.060000 0.061667
stem 0.125000 0.660417 0.042500 0.087500
stem 0.748750 0.066667 0.065000 0.023333
stem 0.288750 0.193333 0.067500 0.135000
stem 0.223750 0.439583 0.112500 0.214167
stem 0.324375 0.618750 0.176250 0.249167
stem 0.465625 0.610833 0.088750 0.103333
stem 0.718750 0.637500 0.065000 0.148333
stem 0.603750 0.709167 0.140000 0.065000
stem 0.730000 0.795000 0.350000 0.045000
