fruit 0.511875 0.235417 0.056250 0.027500
fruit 0.903125 0.221667 0.043750 0.033333
fruit 0.595625 0.458333 0.041250 0.030000
fruit 0.562500 0.449583 0.040000 0.027500
fruit 0.531250 0.464167 0.035000 0.025000
fruit 0.820625 0.491250 0.041250 0.025833
fruit 0.787500 0.498333 0.030000 0.020000
fruit 0.776875 0.516667 0.041250 0.020000
fruit 0.471875 0.580833 0.036250 0.026667
fruit 0.413125 0.558750 0.046250 0.024167
fruit 0.393750 0.581250 0.035000 0.024167
fruit 0.370000 0.563333 0.045000 0.025000
fruit 0.318125 0.576667 0.036250 0.018333
leaf 0.858750 0.138750 0.132500 0.055833
leaf 0.746250 0.146667 0.277500 0.191667
leaf 0.578750 0.119167 0.070000 0.133333
leaf 0.341250 0.222083 0.330000 0.100833
leaf 0.643125 0.295417 0.221250 0.095833
leaf 0.773125 0.476667 0.113750 0.036667
leaf 0.621875 0.488333 0.101250 0.040000
leaf 0.361250 0.424167 0.287500 0.078333
leaf 0.176875 0.362917 0.196250 0.159167
leaf 0.232500 0.673750 0.287500 0.140833
stem 0.611875 0.661250 0.231250 0.174167
stem 0.578750 0.552500 0.060000 0.118333
stem 0.520000 0.352917 0.032500 0.187500
stem 0.888125 0.305000 0.026250 0.113333
stem 0.557500 0.211667 0.027500 0.055000
stem 0.693750 0.504583 0.015000 0.062500
stem 0.733750 0.588333 0.080000 0.030000
leaf 0.910625 0.454583 0.103750 0.182500
leaf 0.779375 0.540833 0.208750 0.070000
leaf 0.780000 0.688333 0.115000 0.168333
leaf 0.494375 0.522917 0.138750 0.082500
leaf 0.426250 0.633750 0.140000 0.080833
leaf 0.225000 0.501667 0.315000 0.096667
leaf 0.220000 0.583333 0.215000 0.121667
