flower 0.882500 0.431250 0.072500 0.050833
flower 0.484375 0.405417 0.041250 0.027500
flower 0.820000 0.342083 0.095000 0.047500
flower 0.784375 0.303333 0.118750 0.083333
flower 0.556875 0.344583 0.091250 0.057500
flower 0.435000 0.260417 0.142500 0.085833
flower 0.330625 0.341667 0.121250 0.070000
flower 0.326875 0.285833 0.128750 0.078333
leaf 0.441250 0.488333 0.160000 0.108333
leaf 0.305625 0.559167 0.331250 0.108333
stem 0.621875 0.610417 0.316250 0.134167
stem 0.687500 0.426667 0.332500 0.123333
stem 0.486250 0.434583 0.065000 0.030833
stem 0.435000 0.355833 0.070000 0.068333
stem 0.490000 0.318333 0.055000 0.030000
