flower 0.188125 0.117917 0.016250 0.009167
flower 0.246250 0.144583 0.022500 0.012500
flower 0.231250 0.242500 0.032500 0.015000
flower 0.640000 0.173333 0.015000 0.010000
flower 0.677500 0.178333 0.020000 0.021667
flower 0.811250 0.465833 0.045000 0.023333
flower 0.850625 0.424167 0.013750 0.020000
flower 0.415625 0.372500 0.013750 0.008333
flower 0.356250 0.703333 0.017500 0.011667
flower 0.665625 0.649167 0.041250 0.011667
flower 0.694375 0.255833 0.016250 0.013333
flower 0.738125 0.257500 0.016250 0.011667
flower 0.391250 0.303333 0.012500 0.010000
leaf 0.263125 0.541667 0.066250 0.043333
leaf 0.342500 0.648333 0.100000 0.100000
leaf 0.441250 0.659583 0.055000 0.080833
leaf 0.421250 0.575000 0.120000 0.103333
leaf 0.604375 0.642917 0.136250 0.114167
leaf 0.570625 0.536667 0.076250 0.113333
leaf 0.652500 0.530417 0.087500 0.105833
leaf 0.170000 0.456250 0.105000 0.090833
leaf 0.356250 0.439167 0.177500 0.041667
leaf 0.170625 0.352500 0.103750 0.118333
leaf 0.301875 0.356250 0.158750 0.124167
leaf 0.463750 0.350000 0.160000 0.118333
leaf 0.369375 0.263333 0.246250 0.071667
leaf 0.315625 0.176667 0.128750 0.103333
leaf 0.207500 0.196250 0.097500 0.090833
leaf 0.253125 0.117917 0.111250 0.060833
leaf 0.100625 0.093750 0.096250 0.112500
leaf 0.187500 0.081667 0.082500 0.060000
leaf 0.641250 0.346667 0.215000 0.180000
leaf 0.862500 0.352083 0.222500 0.212500
leaf 0.636250 0.210833 0.140000 0.128333
leaf 0.753125 0.217083 0.086250 0.109167
leaf 0.690000 0.123750 0.105000 0.164167
stem 0.154375 0.225000 0.021250 0.143333
stem 0.179375 0.265417 0.028750 0.045833
stem 0.220625 0.593750 0.041250 0.200833
stem 0.323750 0.493333 0.077500 0.060000
stem 0.266875 0.584583 0.043750 0.067500
stem 0.492500 0.827083 0.205000 0.240833
stem 0.794375 0.572917 0.138750 0.229167
stem 0.727500 0.440833 0.067500 0.035000
