leaf 0.791250 0.202083 0.222500 0.109167
leaf 0.755625 0.076667 0.153750 0.130000
leaf 0.583750 0.127083 0.185000 0.230833
leaf 0.723125 0.619167 0.201250 0.105000
leaf 0.703125 0.745417 0.176250 0.144167
leaf 0.478750 0.772500 0.342500 0.108333
leaf 0.335625 0.647917 0.078750 0.047500
leaf 0.456875 0.497500 0.343750 0.130000
leaf 0.473750 0.198750 0.090000 0.135833
leaf 0.132500 0.400417 0.262500 0.242500
stem 0.438750 0.291250 0.087500 0.034167
stem 0.261250 0.536667 0.032500 0.020000
stem 0.680000 0.167500 0.027500 0.031667
stem 0.641875 0.332083 0.016250 0.047500
stem 0.643125 0.493750 0.031250 0.059167
stem 0.626250 0.564583 0.030000 0.104167
stem 0.251875 0.763750 0.101250 0.264167
stem 0.596875 0.701667 0.041250 0.120000
stem 0.575000 0.907500 0.052500 0.176667
leaf 0.367500 0.358333 0.252500 0.121667
leaf 0.351875 0.183333 0.161250 0.171667
leaf 0.358750 0.283333 0.080000 0.085000
leaf 0.160625 0.211667 0.213750 0.188333
leaf 0.255625 0.121250 0.093750 0.102500
leaf 0.765625 0.487500 0.233750 0.155000
leaf 0.760000 0.345000 0.222500 0.125000
leaf 0.584375 0.377917 0.133750 0.124167
leaf 0.625625 0.270833 0.163750 0.086667
