flower 0.485000 0.752500 0.030000 0.016667
flower 0.545625 0.457500 0.021250 0.018333
flower 0.505625 0.413333 0.031250 0.015000
flower 0.400625 0.262500 0.036250 0.021667
leaf 0.753125 0.168750 0.213750 0.124167
leaf 0.451250 0.122083 0.370000 0.165833
leaf 0.240625 0.268333 0.241250 0.190000
leaf 0.410000 0.243750 0.147500 0.075833
leaf 0.608125 0.273333 0.176250 0.133333
leaf 0.413125 0.337500 0.041250 0.046667
leaf 0.766250 0.354583 0.262500 0.132500
leaf 0.745000 0.447083 0.215000 0.084167
leaf 0.586875 0.423333 0.093750 0.058333
leaf 0.410625 0.517917 0.226250 0.197500
leaf 0.203750 0.489583 0.125000 0.110833
leaf 0.309375 0.716250 0.338750 0.167500
leaf 0.600000 0.671667 0.162500 0.256667
stem 0.270625 0.402083 0.078750 0.067500
stem 0.351250 0.341250 0.067500 0.039167
stem 0.441250 0.299167 0.127500 0.038333
stem 0.482500 0.346667 0.060000 0.120000
stem 0.485625 0.590000 0.021250 0.048333
stem 0.417500 0.644583 0.045000 0.037500
stem 0.477500 0.786667 0.130000 0.020000
stem 0.583125 0.900833 0.101250 0.193333
