fruit 0.133125 0.210833 0.023750 0.025000
fruit 0.101250 0.229167 0.030000 0.018333
fruit 0.088125 0.187500 0.023750 0.035000
fruit 0.093125 0.149167 0.026250 0.021667
fruit 0.100625 0.096667 0.028750 0.021667
fruit 0.195000 0.130417 0.032500 0.022500
fruit 0.184375 0.092500 0.041250 0.028333
fruit 0.181875 0.067917 0.036250 0.022500
fruit 0.216250 0.105417 0.027500 0.019167
fruit 0.239375 0.127083 0.048750 0.022500
fruit 0.313125 0.133750 0.028750 0.024167
fruit 0.240000 0.172917 0.032500 0.020833
fruit 0.335625 0.162083 0.018750 0.019167
fruit 0.281250 0.176250 0.022500 0.035833
fruit 0.313750 0.183750 0.027500 0.037500
fruit 0.294375 0.203333 0.031250 0.013333
fruit 0.259375 0.221250 0.031250 0.024167
fruit 0.296875 0.275000 0.036250 0.033333
fruit 0.310000 0.310417 0.022500 0.022500
fruit 0.276875 0.350833 0.041250 0.026667
fruit 0.891250 0.225833 0.032500 0.023333
leaf 0.775000 0.214167 0.155000 0.043333
leaf 0.801875 0.340417 0.151250 0.095833
leaf 0.826875 0.540833 0.106250 0.100000
leaf 0.671250 0.635000 0.147500 0.083333
leaf 0.325625 0.699583 0.093750 0.102500
leaf 0.380625 0.599167 0.113750 0.120000
leaf 0.282500 0.568333 0.157500 0.070000
leaf 0.140625 0.528333 0.128750 0.078333
leaf 0.568750 0.561250 0.082500 0.105833
leaf 0.690000 0.483333 0.202500 0.175000
leaf 0.531875 0.405000 0.111250 0.073333
leaf 0.430625 0.417917 0.093750 0.092500
leaf 0.053125 0.404167 0.103750 0.098333
leaf 0.191250 0.410000 0.030000 0.026667
leaf 0.311875 0.404583 0.163750 0.072500
leaf 0.515625 0.329583 0.213750 0.112500
leaf 0.207500 0.317917 0.155000 0.110833
leaf 0.348125 0.322917 0.116250 0.082500
leaf 0.405625 0.224167 0.138750 0.106667
leaf 0.450000 0.108333 0.240000 0.120000
stem 0.275625 0.082500 0.066250 0.063333
stem 0.136875 0.072500 0.056250 0.028333
stem 0.141250 0.130833 0.077500 0.035000
stem 0.197500 0.237917 0.117500 0.022500
stem 0.065000 0.283750 0.055000 0.124167
stem 0.667500 0.212917 0.065000 0.027500
stem 0.680625 0.382500 0.113750 0.031667
stem 0.622500 0.406667 0.080000 0.023333
stem 0.448125 0.499583 0.181250 0.075833
stem 0.526875 0.471667 0.058750 0.071667
stem 0.746875 0.585833 0.021250 0.040000
stem 0.783750 0.604583 0.062500 0.045833
stem 0.264375 0.676667 0.058750 0.146667
stem 0.175000 0.677500 0.197500 0.153333
stem 0.193750 0.583333 0.050000 0.030000
stem 0.355625 0.803750 0.126250 0.095833
stem 0.384375 0.725000 0.078750 0.055000
stem 0.525000 0.647083 0.145000 0.054167
stem 0.620000 0.601250 0.017500 0.019167
stem 0.690625 0.767500 0.126250 0.185000
fruit 0.293750 0.035417 0.030000 0.024167
fruit 0.236875 0.029583 0.053750 0.024167
fruit 0.183125 0.035833 0.036250 0.033333
fruit 0.030000 0.192500 0.027500 0.023333
fruit 0.019375 0.097500 0.031250 0.020000
leaf 0.302500 0.239583 0.060000 0.062500
leaf 0.265000 0.490000 0.190000 0.083333
stem 0.042500 0.519167 0.067500 0.120000
stem 0.534375 0.921250 0.248750 0.114167
