flower 0.708125 0.111250 0.033750 0.024167
flower 0.722500 0.158750 0.045000 0.020833
flower 0.703750 0.200000 0.025000 0.018333
flower 0.632500 0.247083 0.037500 0.019167
flower 0.635000 0.266250 0.025000 0.014167
flower 0.610000 0.251250 0.030000 0.012500
flower 0.586875 0.234583 0.046250 0.015833
flower 0.565000 0.305000 0.035000 0.016667
flower 0.676250 0.408333 0.035000 0.016667
flower 0.878750 0.432083 0.042500 0.029167
flower 0.754375 0.523333 0.036250 0.020000
flower 0.899375 0.613333 0.043750 0.020000
flower 0.824375 0.643750 0.023750 0.014167
flower 0.717500 0.640417 0.030000 0.015833
flower 0.751250 0.682500 0.025000 0.021667
flower 0.692500 0.694167 0.027500 0.018333
flower 0.571875 0.752500 0.033750 0.018333
flower 0.542500 0.495000 0.027500 0.028333
flower 0.190000 0.502917 0.030000 0.012500
flower 0.215000 0.425000 0.032500 0.016667
flower 0.191250 0.409583 0.017500 0.017500
flower 0.106875 0.422083 0.026250 0.019167
flower 0.311250 0.652500 0.022500 0.016667
leaf 0.729375 0.051250 0.101250 0.074167
leaf 0.765000 0.173750 0.100000 0.079167
leaf 0.656875 0.130833 0.091250 0.058333
leaf 0.662500 0.281250 0.037500 0.024167
leaf 0.525625 0.258333 0.168750 0.045000
leaf 0.474375 0.315417 0.183750 0.037500
leaf 0.648750 0.385000 0.145000 0.090000
leaf 0.856875 0.412500 0.038750 0.035000
leaf 0.807500 0.440833 0.107500 0.025000
leaf 0.888750 0.456667 0.072500 0.066667
leaf 0.908750 0.593333 0.025000 0.028333
leaf 0.857500 0.633333 0.042500 0.018333
leaf 0.802500 0.596250 0.057500 0.079167
leaf 0.674375 0.555417 0.128750 0.072500
leaf 0.751250 0.632500 0.092500 0.051667
leaf 0.749375 0.681667 0.103750 0.048333
leaf 0.704375 0.725833 0.111250 0.038333
leaf 0.574375 0.712500 0.098750 0.058333
leaf 0.631250 0.652917 0.185000 0.069167
leaf 0.500625 0.731667 0.098750 0.056667
leaf 0.409375 0.780833 0.186250 0.126667
leaf 0.379375 0.692917 0.088750 0.072500
leaf 0.324375 0.616667 0.046250 0.075000
leaf 0.550625 0.557917 0.096250 0.089167
leaf 0.475000 0.568333 0.100000 0.083333
leaf 0.385625 0.564583 0.111250 0.055833
leaf 0.388125 0.479167 0.126250 0.075000
leaf 0.313125 0.518750 0.063750 0.035833
leaf 0.230625 0.535833 0.063750 0.100000
flower 0.301875 0.450833 0.036250 0.018333
leaf 0.259375 0.427917 0.066250 0.062500
leaf 0.191875 0.458750 0.056250 0.085833
leaf 0.168125 0.395833 0.103750 0.035000
leaf 0.139375 0.450833 0.056250 0.041667
leaf 0.053125 0.419583 0.081250 0.060833
leaf 0.664375 0.199583 0.041250 0.014167
stem 0.668125 0.231250 0.033750 0.037500
stem 0.601875 0.305417 0.053750 0.067500
stem 0.573125 0.380000 0.031250 0.106667
stem 0.555000 0.451250 0.045000 0.065833
stem 0.803125 0.512500 0.078750 0.051667
stem 0.492500 0.502917 0.060000 0.045833
stem 0.385625 0.519583 0.051250 0.035833
stem 0.322500 0.481667 0.025000 0.020000
stem 0.307500 0.558750 0.017500 0.039167
stem 0.263125 0.612917 0.058750 0.057500
stem 0.651875 0.606250 0.056250 0.025833
stem 0.507500 0.660833 0.037500 0.105000
stem 0.695000 0.666667 0.030000 0.030000
stem 0.615625 0.769583 0.053750 0.045833
stem 0.510625 0.804167 0.033750 0.081667
stem 0.428125 0.904583 0.188750 0.114167
leaf 0.571250 0.818750 0.082500 0.080833
leaf 0.360000 0.969167 0.095000 0.031667
