leaf 0.712500 0.235000 0.205000 0.073333
leaf 0.728125 0.320833 0.161250 0.111667
leaf 0.703750 0.445417 0.180000 0.139167
leaf 0.291250 0.315417 0.282500 0.180833
leaf 0.379375 0.457917 0.138750 0.104167
leaf 0.461875 0.566667 0.173750 0.126667
leaf 0.581250 0.578333 0.057500 0.110000
stem 0.781875 0.400833 0.046250 0.031667
stem 0.522500 0.537500 0.037500 0.025000
stem 0.503750 0.552500 0.030000 0.025000
stem 0.469375 0.567083 0.058750 0.020833
stem 0.506875 0.630833 0.103750 0.025000
stem 0.415625 0.680417 0.076250 0.087500
leaf 0.540000 0.317500 0.207500 0.145000
leaf 0.551250 0.442083 0.215000 0.119167
