fruit 0.385000 0.229167 0.027500 0.018333
flower 0.864375 0.109583 0.056250 0.047500
flower 0.821875 0.107500 0.046250 0.046667
flower 0.778750 0.125000 0.050000 0.043333
flower 0.430000 0.068333 0.022500 0.010000
flower 0.471250 0.077917 0.012500 0.012500
flower 0.570000 0.389583 0.105000 0.075833
leaf 0.289375 0.266667 0.051250 0.030000
leaf 0.250625 0.159583 0.031250 0.055833
leaf 0.291250 0.160417 0.042500 0.052500
leaf 0.155000 0.157500 0.060000 0.068333
leaf 0.098125 0.155000 0.043750 0.061667
leaf 0.363750 0.260833 0.100000 0.063333
leaf 0.316875 0.225833 0.033750 0.036667
leaf 0.425625 0.192500 0.083750 0.031667
leaf 0.356250 0.156667 0.052500 0.090000
leaf 0.438750 0.148333 0.102500 0.058333
leaf 0.659375 0.257083 0.071250 0.042500
leaf 0.675625 0.214167 0.066250 0.048333
leaf 0.707500 0.332500 0.017500 0.023333
leaf 0.788750 0.362500 0.032500 0.038333
leaf 0.864375 0.292500 0.063750 0.036667
leaf 0.798750 0.294583 0.047500 0.037500
leaf 0.736250 0.302083 0.045000 0.054167
leaf 0.806250 0.248333 0.055000 0.058333
leaf 0.717500 0.144167 0.090000 0.058333
leaf 0.799375 0.182500 0.081250 0.093333
leaf 0.891875 0.160417 0.093750 0.079167
leaf 0.461250 0.602083 0.027500 0.049167
leaf 0.516875 0.541250 0.056250 0.079167
leaf 0.458125 0.520833 0.043750 0.071667
leaf 0.498125 0.488750 0.038750 0.040833
leaf 0.556875 0.452917 0.083750 0.079167
leaf 0.431250 0.478333 0.072500 0.030000
leaf 0.405000 0.429583 0.050000 0.065833
leaf 0.499375 0.438333 0.048750 0.055000
leaf 0.453750 0.418333 0.042500 0.073333
leaf 0.576875 0.700833 0.023750 0.018333
stem 0.150625 0.240833 0.076250 0.086667
stem 0.238125 0.413333 0.208750 0.256667
stem 0.761250 0.332083 0.022500 0.084167
stem 0.817500 0.347917 0.027500 0.052500
stem 0.751250 0.485833 0.112500 0.220000
stem 0.518125 0.767917 0.136250 0.275833
leaf 0.746250 0.255000 0.070000 0.055000
leaf 0.735000 0.202500 0.060000 0.063333
leaf 0.871875 0.236250 0.058750 0.064167
leaf 0.501250 0.092500 0.110000 0.056667
leaf 0.417500 0.095000 0.052500 0.051667
