flower 0.480625 0.569167 0.023750 0.015000
flower 0.482500 0.696250 0.040000 0.039167
leaf 0.686875 0.114583 0.131250 0.127500
leaf 0.547500 0.103750 0.152500 0.117500
leaf 0.562500 0.174583 0.145000 0.044167
leaf 0.797500 0.268750 0.210000 0.179167
leaf 0.560625 0.242917 0.181250 0.069167
leaf 0.460625 0.278333 0.086250 0.100000
leaf 0.416875 0.336250 0.046250 0.045833
leaf 0.340625 0.150417 0.216250 0.132500
leaf 0.156250 0.176667 0.150000 0.155000
leaf 0.222500 0.312917 0.177500 0.107500
leaf 0.671875 0.390833 0.083750 0.095000
leaf 0.816250 0.480000 0.157500 0.113333
leaf 0.672500 0.540000 0.157500 0.113333
leaf 0.556875 0.383333 0.201250 0.111667
leaf 0.365000 0.417917 0.152500 0.099167
leaf 0.438750 0.484583 0.100000 0.085833
leaf 0.378750 0.615833 0.170000 0.148333
leaf 0.533750 0.759167 0.062500 0.081667
leaf 0.398750 0.710417 0.150000 0.069167
stem 0.353750 0.282500 0.090000 0.111667
stem 0.672500 0.237083 0.052500 0.100833
stem 0.700000 0.310417 0.035000 0.102500
stem 0.510000 0.552500 0.032500 0.093333
stem 0.574375 0.653750 0.121250 0.112500
leaf 0.641250 0.462083 0.112500 0.072500
leaf 0.556250 0.506250 0.122500 0.114167
stem 0.533750 0.848750 0.035000 0.092500
