flower 0.506875 0.175000 0.018750 0.016667
flower 0.551250 0.369583 0.032500 0.017500
flower 0.580000 0.569583 0.055000 0.050833
leaf 0.440000 0.105000 0.087500 0.065000
leaf 0.115000 0.155417 0.077500 0.125833
leaf 0.595000 0.170000 0.155000 0.103333
leaf 0.733125 0.155417 0.146250 0.082500
leaf 0.436250 0.376250 0.155000 0.120833
leaf 0.291250 0.470833 0.035000 0.028333
leaf 0.613125 0.264167 0.168750 0.085000
leaf 0.603750 0.345000 0.210000 0.086667
leaf 0.643125 0.470000 0.301250 0.170000
leaf 0.782500 0.554583 0.052500 0.040833
leaf 0.810625 0.636667 0.051250 0.040000
leaf 0.407500 0.490833 0.185000 0.105000
leaf 0.568125 0.657500 0.288750 0.230000
leaf 0.342500 0.637083 0.042500 0.020833
leaf 0.232500 0.718750 0.035000 0.025833
stem 0.187500 0.470000 0.135000 0.836667
stem 0.339375 0.613333 0.196250 0.033333
stem 0.873750 0.685000 0.095000 0.273333
stem 0.856250 0.382500 0.117500 0.308333
stem 0.654375 0.102500 0.336250 0.030000
stem 0.863125 0.143333 0.123750 0.080000
leaf 0.310000 0.860833 0.110000 0.100000
