flower 0.141875 0.141250 0.041250 0.029167
flower 0.165000 0.109167 0.040000 0.025000
flower 0.187500 0.084583 0.040000 0.027500
flower 0.235625 0.080000 0.076250 0.033333
flower 0.281875 0.135417 0.018750 0.022500
flower 0.176250 0.504583 0.030000 0.019167
flower 0.195000 0.485000 0.035000 0.023333
flower 0.211875 0.470000 0.031250 0.013333
flower 0.218125 0.451667 0.038750 0.025000
leaf 0.311250 0.158750 0.122500 0.092500
leaf 0.837500 0.501250 0.070000 0.192500
leaf 0.693750 0.613750 0.227500 0.025833
leaf 0.463125 0.605000 0.186250 0.051667
leaf 0.449375 0.518750 0.071250 0.089167
leaf 0.378125 0.557500 0.118750 0.038333
leaf 0.316875 0.512917 0.191250 0.050833
stem 0.661875 0.665833 0.166250 0.066667
stem 0.870000 0.625833 0.045000 0.038333
stem 0.176875 0.152917 0.043750 0.022500
stem 0.206250 0.131667 0.055000 0.026667
stem 0.243125 0.107917 0.061250 0.029167
leaf 0.674375 0.516667 0.266250 0.158333
leaf 0.777500 0.425417 0.042500 0.090833
leaf 0.650000 0.382500 0.135000 0.110000
leaf 0.518750 0.398333 0.120000 0.081667
leaf 0.448125 0.315833 0.153750 0.103333
leaf 0.402500 0.227917 0.075000 0.072500
leaf 0.335000 0.248750 0.072500 0.087500
leaf 0.258125 0.197917 0.068750 0.054167
