fruit 0.453750 0.134167 0.057500 0.048333
fruit 0.373125 0.142917 0.066250 0.037500
fruit 0.254375 0.206667 0.041250 0.020000
fruit 0.823125 0.374167 0.051250 0.033333
leaf 0.863750 0.464583 0.225000 0.172500
leaf 0.845000 0.294583 0.210000 0.179167
leaf 0.772500 0.106250 0.092500 0.062500
leaf 0.657500 0.110417 0.160000 0.047500
leaf 0.466875 0.072917 0.183750 0.107500
leaf 0.249375 0.152917 0.216250 0.075833
leaf 0.286250 0.302917 0.165000 0.130833
leaf 0.563125 0.389167 0.218750 0.171667
leaf 0.443750 0.290417 0.160000 0.260833
leaf 0.608750 0.532917 0.170000 0.157500
leaf 0.568750 0.652917 0.152500 0.174167
leaf 0.338125 0.481667 0.276250 0.201667
leaf 0.320625 0.704167 0.193750 0.086667
leaf 0.335625 0.786250 0.211250 0.067500
stem 0.356250 0.218333 0.102500 0.070000
stem 0.764375 0.160417 0.016250 0.044167
stem 0.718750 0.520000 0.030000 0.446667
stem 0.498750 0.499167 0.080000 0.146667
stem 0.376875 0.628750 0.106250 0.085833
leaf 0.715625 0.232083 0.128750 0.124167
leaf 0.603125 0.226250 0.153750 0.162500
leaf 0.165625 0.620833 0.313750 0.096667
leaf 0.144375 0.519583 0.168750 0.115833
stem 0.600000 0.845833 0.252500 0.200000
stem 0.456250 0.710833 0.060000 0.065000
