leaf 0.750000 0.093750 0.055000 0.067500
leaf 0.745625 0.144167 0.038750 0.048333
leaf 0.682500 0.114167 0.055000 0.045000
leaf 0.670625 0.145417 0.088750 0.024167
leaf 0.820625 0.199583 0.098750 0.109167
leaf 0.727500 0.183750 0.065000 0.035833
leaf 0.710000 0.233333 0.150000 0.083333
leaf 0.557500 0.336667 0.067500 0.023333
leaf 0.832500 0.436250 0.050000 0.044167
leaf 0.812500 0.385833 0.037500 0.025000
leaf 0.758125 0.399583 0.083750 0.089167
leaf 0.760000 0.458333 0.030000 0.023333
leaf 0.704375 0.425000 0.061250 0.113333
leaf 0.613125 0.413750 0.128750 0.097500
leaf 0.859375 0.503750 0.138750 0.090833
leaf 0.586250 0.735417 0.102500 0.112500
leaf 0.484375 0.782500 0.091250 0.051667
leaf 0.478750 0.733333 0.097500 0.041667
leaf 0.441875 0.681667 0.118750 0.061667
leaf 0.561875 0.622083 0.073750 0.107500
leaf 0.375000 0.590833 0.322500 0.118333
leaf 0.456875 0.480833 0.181250 0.103333
leaf 0.331250 0.363333 0.117500 0.111667
leaf 0.218750 0.463333 0.072500 0.076667
leaf 0.110000 0.439583 0.135000 0.065833
leaf 0.233750 0.374167 0.072500 0.126667
leaf 0.135000 0.361667 0.117500 0.110000
leaf 0.201875 0.262083 0.078750 0.089167
leaf 0.253750 0.226667 0.047500 0.076667
leaf 0.178750 0.184583 0.097500 0.084167
leaf 0.238750 0.121667 0.125000 0.106667
leaf 0.383750 0.214167 0.070000 0.055000
leaf 0.453750 0.203750 0.047500 0.054167
leaf 0.414375 0.159167 0.078750 0.065000
leaf 0.379375 0.102500 0.051250 0.065000
leaf 0.330000 0.116250 0.072500 0.042500
leaf 0.493750 0.167083 0.080000 0.060833
leaf 0.496875 0.106250 0.101250 0.067500
leaf 0.600625 0.075417 0.096250 0.055833
stem 0.425000 0.290000 0.085000 0.116667
stem 0.832500 0.320833 0.100000 0.085000
stem 0.757500 0.518333 0.070000 0.063333
stem 0.806875 0.580417 0.053750 0.105833
stem 0.163125 0.520000 0.026250 0.043333
