fruit 0.120000 0.304583 0.055000 0.052500
fruit 0.390000 0.564583 0.075000 0.037500
fruit 0.458125 0.229167 0.081250 0.033333
leaf 0.143750 0.251250 0.097500 0.040833
leaf 0.173125 0.705417 0.113750 0.164167
leaf 0.395625 0.670417 0.261250 0.154167
leaf 0.230000 0.564167 0.220000 0.065000
leaf 0.252500 0.512500 0.140000 0.068333
leaf 0.652500 0.609167 0.165000 0.115000
leaf 0.550000 0.561667 0.087500 0.030000
leaf 0.481875 0.500000 0.211250 0.083333
leaf 0.365625 0.396667 0.216250 0.138333
leaf 0.231250 0.360000 0.115000 0.066667
leaf 0.353750 0.296250 0.120000 0.104167
leaf 0.556250 0.376667 0.162500 0.183333
leaf 0.915625 0.415000 0.131250 0.140000
leaf 0.771875 0.367500 0.126250 0.060000
leaf 0.709375 0.278333 0.263750 0.121667
leaf 0.468750 0.166667 0.230000 0.158333
leaf 0.814375 0.179583 0.138750 0.115833
leaf 0.918750 0.095417 0.117500 0.135833
leaf 0.684375 0.101667 0.206250 0.193333
leaf 0.825000 0.060000 0.090000 0.118333
stem 0.292500 0.193333 0.077500 0.150000
stem 0.133750 0.495417 0.085000 0.045833
stem 0.232500 0.438750 0.100000 0.064167
stem 0.130625 0.359167 0.061250 0.068333
stem 0.673125 0.511250 0.171250 0.080833
stem 0.723750 0.482917 0.172500 0.142500
stem 0.624375 0.207083 0.088750 0.060833
stem 0.752500 0.711250 0.097500 0.072500
stem 0.564375 0.620000 0.073750 0.073333
