leaf 0.283125 0.056667 0.036250 0.033333
leaf 0.289375 0.084583 0.036250 0.019167
leaf 0.259375 0.079583 0.028750 0.027500
leaf 0.206250 0.082083 0.045000 0.047500
leaf 0.246875 0.105833 0.043750 0.018333
leaf 0.291875 0.112917 0.041250 0.019167
leaf 0.224375 0.132917 0.086250 0.050833
leaf 0.300625 0.144583 0.046250 0.022500
leaf 0.230625 0.177083 0.078750 0.040833
leaf 0.310625 0.177500 0.051250 0.026667
leaf 0.188750 0.202500 0.022500 0.033333
leaf 0.157500 0.212083 0.072500 0.022500
leaf 0.240000 0.273333 0.045000 0.016667
leaf 0.227500 0.291667 0.057500 0.021667
leaf 0.348750 0.213750 0.030000 0.044167
leaf 0.305000 0.215000 0.060000 0.043333
leaf 0.306875 0.260417 0.053750 0.039167
leaf 0.396250 0.222917 0.070000 0.030833
leaf 0.442500 0.174583 0.052500 0.032500
leaf 0.489375 0.142917 0.046250 0.035833
leaf 0.541875 0.119583 0.036250 0.032500
leaf 0.586250 0.110833 0.030000 0.036667
leaf 0.622500 0.105833 0.025000 0.025000
leaf 0.655625 0.106667 0.043750 0.018333
leaf 0.637500 0.117917 0.045000 0.010833
leaf 0.621250 0.131250 0.050000 0.020833
leaf 0.579375 0.156250 0.036250 0.025833
leaf 0.537500 0.173750 0.035000 0.022500
leaf 0.567500 0.177083 0.030000 0.030833
leaf 0.618750 0.160000 0.052500 0.023333
leaf 0.603750 0.185417 0.042500 0.017500
leaf 0.577500 0.213750 0.045000 0.025833
leaf 0.531875 0.196667 0.038750 0.030000
leaf 0.505000 0.200833 0.057500 0.025000
leaf 0.481875 0.220833 0.071250 0.031667
leaf 0.543125 0.233333 0.043750 0.030000
leaf 0.448125 0.260000 0.031250 0.033333
leaf 0.569375 0.255833 0.028750 0.025000
leaf 0.605625 0.265000 0.063750 0.031667
leaf 0.552500 0.284583 0.037500 0.025833
leaf 0.483750 0.292083 0.035000 0.020833
leaf 0.520625 0.310000 0.051250 0.023333
leaf 0.755000 0.352500 0.035000 0.021667
leaf 0.771250 0.375417 0.050000 0.037500
leaf 0.709375 0.372500 0.058750 0.023333
leaf 0.710625 0.396667 0.066250 0.026667
leaf 0.789375 0.417500 0.068750 0.028333
leaf 0.785000 0.454167 0.060000 0.030000
leaf 0.694375 0.427500 0.098750 0.026667
leaf 0.701250 0.457083 0.095000 0.040833
leaf 0.430000 0.749167 0.020000 0.025000
leaf 0.369375 0.742917 0.043750 0.027500
leaf 0.368125 0.719583 0.051250 0.019167
leaf 0.266875 0.683333 0.036250 0.030000
leaf 0.243125 0.653333 0.096250 0.035000
leaf 0.184375 0.626667 0.093750 0.026667
leaf 0.164375 0.595833 0.061250 0.031667
leaf 0.125000 0.568333 0.080000 0.026667
leaf 0.096250 0.547500 0.070000 0.026667
leaf 0.085000 0.493333 0.017500 0.036667
leaf 0.118750 0.509167 0.025000 0.041667
leaf 0.155000 0.521667 0.042500 0.048333
leaf 0.197500 0.546667 0.047500 0.031667
leaf 0.236250 0.561250 0.060000 0.049167
leaf 0.235625 0.596250 0.066250 0.039167
leaf 0.285625 0.585833 0.043750 0.043333
leaf 0.308750 0.645000 0.035000 0.023333
leaf 0.350625 0.618333 0.051250 0.076667
leaf 0.350625 0.679167 0.063750 0.028333
leaf 0.383125 0.647500 0.041250 0.031667
leaf 0.393750 0.671250 0.035000 0.034167
leaf 0.432500 0.709583 0.070000 0.030833
leaf 0.508125 0.708333 0.053750 0.030000
leaf 0.433750 0.672500 0.052500 0.028333
leaf 0.426875 0.641667 0.046250 0.020000
leaf 0.419375 0.618333 0.043750 0.015000
leaf 0.495000 0.677500 0.055000 0.028333
leaf 0.479375 0.625000 0.046250 0.036667
leaf 0.432500 0.590417 0.082500 0.029167
leaf 0.490000 0.586250 0.045000 0.032500
leaf 0.458125 0.548333 0.091250 0.023333
leaf 0.503125 0.530833 0.043750 0.035000
leaf 0.517500 0.495833 0.040000 0.035000
leaf 0.481250 0.491250 0.067500 0.040833
leaf 0.481250 0.464167 0.105000 0.031667
leaf 0.506875 0.428333 0.063750 0.035000
leaf 0.488750 0.386250 0.080000 0.057500
leaf 0.533750 0.401250 0.032500 0.039167
leaf 0.563125 0.374167 0.031250 0.061667
leaf 0.578750 0.440000 0.060000 0.030000
leaf 0.579375 0.472500 0.078750 0.041667
leaf 0.556875 0.522917 0.038750 0.037500
leaf 0.545000 0.563750 0.040000 0.037500
leaf 0.576875 0.595417 0.058750 0.030833
leaf 0.608750 0.549167 0.070000 0.063333
leaf 0.639375 0.593750 0.056250 0.025833
leaf 0.573125 0.709583 0.038750 0.030833
leaf 0.589375 0.670417 0.056250 0.030833
leaf 0.608750 0.636667 0.040000 0.026667
leaf 0.634375 0.626667 0.033750 0.033333
leaf 0.656875 0.645417 0.061250 0.030833
leaf 0.625000 0.718750 0.052500 0.039167
leaf 0.646250 0.676667 0.060000 0.030000
leaf 0.680625 0.712500 0.046250 0.021667
leaf 0.686250 0.735000 0.055000 0.026667
leaf 0.730000 0.678750 0.042500 0.027500
leaf 0.785000 0.654583 0.075000 0.027500
leaf 0.717500 0.635833 0.067500 0.048333
leaf 0.676250 0.579583 0.045000 0.030833
leaf 0.713750 0.590000 0.047500 0.033333
leaf 0.746875 0.610417 0.053750 0.019167
leaf 0.806250 0.629167 0.077500 0.025000
leaf 0.823750 0.604583 0.065000 0.014167
leaf 0.770625 0.586250 0.066250 0.029167
leaf 0.839375 0.551250 0.048750 0.057500
leaf 0.773750 0.565000 0.047500 0.026667
leaf 0.807500 0.537917 0.072500 0.030833
leaf 0.757500 0.539583 0.040000 0.025833
leaf 0.708750 0.533333 0.040000 0.033333
leaf 0.663125 0.527917 0.058750 0.037500
leaf 0.725000 0.493333 0.045000 0.033333
leaf 0.675625 0.494583 0.068750 0.037500
stem 0.478125 0.767500 0.066250 0.081667
stem 0.537500 0.762500 0.017500 0.070000
stem 0.527500 0.630417 0.017500 0.132500
stem 0.581875 0.767083 0.078750 0.080833
stem 0.466875 0.351667 0.048750 0.090000
stem 0.425625 0.320833 0.016250 0.121667
stem 0.337500 0.311667 0.107500 0.090000
root 0.404375 0.401250 0.141250 0.104167
leaf 0.237500 0.222500 0.057500 0.060000
leaf 0.191875 0.250417 0.073750 0.045833
leaf 0.070000 0.528333 0.072500 0.021667
leaf 0.505625 0.262917 0.076250 0.037500
root 0.543750 0.817917 0.127500 0.075833
