flower 0.266250 0.346250 0.107500 0.095833
flower 0.315000 0.279167 0.095000 0.058333
flower 0.698750 0.366250 0.055000 0.059167
flower 0.647500 0.462083 0.065000 0.042500
flower 0.793125 0.401667 0.063750 0.046667
flower 0.898750 0.438750 0.052500 0.115833
flower 0.890000 0.529583 0.045000 0.035833
flower 0.866250 0.695417 0.110000 0.082500
leaf 0.346250 0.126250 0.095000 0.045833
leaf 0.430000 0.116667 0.075000 0.053333
leaf 0.521875 0.179167 0.093750 0.050000
leaf 0.445625 0.184583 0.076250 0.082500
leaf 0.480625 0.247917 0.141250 0.087500
leaf 0.337500 0.252917 0.147500 0.080833
leaf 0.393125 0.314167 0.088750 0.031667
leaf 0.316250 0.312917 0.090000 0.050833
leaf 0.353750 0.356667 0.085000 0.051667
leaf 0.471875 0.397500 0.083750 0.071667
leaf 0.597500 0.380000 0.155000 0.086667
leaf 0.744375 0.392917 0.108750 0.094167
leaf 0.644375 0.439583 0.096250 0.054167
leaf 0.845000 0.447083 0.087500 0.089167
leaf 0.840625 0.516250 0.121250 0.070833
leaf 0.700625 0.618750 0.181250 0.064167
leaf 0.677500 0.668333 0.140000 0.050000
leaf 0.611250 0.742083 0.170000 0.065833
leaf 0.797500 0.755833 0.135000 0.075000
stem 0.483750 0.756667 0.040000 0.046667
stem 0.580625 0.805833 0.228750 0.053333
stem 0.631875 0.584583 0.036250 0.032500
stem 0.653125 0.547083 0.033750 0.047500
stem 0.667500 0.493333 0.047500 0.030000
stem 0.724375 0.452500 0.053750 0.028333
stem 0.464375 0.290000 0.023750 0.036667
leaf 0.335625 0.183333 0.146250 0.068333
leaf 0.743750 0.553333 0.145000 0.076667
leaf 0.731875 0.488750 0.088750 0.049167
leaf 0.697500 0.758333 0.075000 0.045000
leaf 0.756875 0.700833 0.086250 0.070000
leaf 0.623125 0.695000 0.108750 0.058333
leaf 0.532500 0.675000 0.115000 0.111667
leaf 0.441250 0.690000 0.075000 0.081667
leaf 0.443125 0.575833 0.053750 0.080000
leaf 0.388750 0.483333 0.112500 0.120000
leaf 0.545625 0.566667 0.161250 0.113333
leaf 0.498750 0.507917 0.067500 0.035833
leaf 0.604375 0.505417 0.073750 0.050833
leaf 0.553125 0.447917 0.126250 0.057500
