fruit 0.683750 0.288750 0.045000 0.034167
fruit 0.635000 0.461667 0.050000 0.033333
fruit 0.171250 0.460000 0.052500 0.033333
leaf 0.373125 0.212500 0.221250 0.108333
leaf 0.474375 0.131250 0.183750 0.160833
leaf 0.711250 0.131250 0.232500 0.109167
leaf 0.799375 0.195833 0.251250 0.085000
leaf 0.097500 0.158750 0.110000 0.200833
leaf 0.365000 0.338750 0.375000 0.094167
leaf 0.765000 0.321250 0.320000 0.105833
leaf 0.765625 0.410417 0.311250 0.107500
leaf 0.742500 0.512917 0.340000 0.104167
leaf 0.476875 0.523333 0.158750 0.196667
leaf 0.695000 0.620833 0.312500 0.135000
leaf 0.770000 0.756667 0.310000 0.080000
leaf 0.210625 0.616250 0.316250 0.215833
stem 0.294375 0.501250 0.241250 0.035833
stem 0.578125 0.297917 0.033750 0.237500
stem 0.584375 0.447500 0.056250 0.030000
stem 0.566875 0.749167 0.071250 0.221667
leaf 0.179375 0.390833 0.223750 0.173333
