flower 0.360000 0.322917 0.027500 0.030833
flower 0.318125 0.327917 0.041250 0.012500
flower 0.295625 0.312500 0.036250 0.028333
flower 0.278125 0.289167 0.041250 0.025000
flower 0.362500 0.406667 0.020000 0.020000
flower 0.341875 0.377500 0.056250 0.028333
flower 0.449375 0.368333 0.031250 0.020000
flower 0.422500 0.358750 0.050000 0.032500
flower 0.603750 0.492917 0.030000 0.017500
flower 0.560000 0.465833 0.035000 0.028333
flower 0.518750 0.418333 0.032500 0.026667
flower 0.683750 0.488333 0.020000 0.016667
flower 0.710000 0.473333 0.025000 0.011667
flower 0.636875 0.417917 0.046250 0.032500
flower 0.513125 0.312083 0.033750 0.020833
flower 0.546875 0.274583 0.061250 0.040833
flower 0.651250 0.310000 0.032500 0.020000
flower 0.666250 0.282500 0.037500 0.030000
flower 0.641875 0.221250 0.036250 0.025833
flower 0.710625 0.215417 0.038750 0.032500
flower 0.700625 0.170000 0.033750 0.016667
leaf 0.655000 0.113333 0.220000 0.208333
leaf 0.515000 0.202500 0.162500 0.173333
leaf 0.358750 0.233750 0.140000 0.187500
leaf 0.173125 0.234167 0.253750 0.198333
leaf 0.806875 0.185417 0.168750 0.125833
leaf 0.800000 0.333750 0.315000 0.194167
leaf 0.576875 0.360833 0.126250 0.150000
leaf 0.877500 0.462500 0.140000 0.033333
leaf 0.850000 0.526667 0.280000 0.120000
leaf 0.635625 0.565000 0.166250 0.186667
leaf 0.502500 0.554167 0.115000 0.145000
leaf 0.255625 0.448750 0.208750 0.124167
stem 0.618750 0.264167 0.050000 0.056667
stem 0.680625 0.207500 0.031250 0.053333
stem 0.328125 0.349583 0.073750 0.022500
stem 0.401875 0.391250 0.051250 0.029167
stem 0.458125 0.406667 0.081250 0.045000
stem 0.401250 0.518333 0.065000 0.111667
stem 0.610000 0.447500 0.365000 0.031667
leaf 0.475625 0.312500 0.111250 0.118333
