flower 0.313125 0.250417 0.053750 0.050833
flower 0.204375 0.288333 0.068750 0.050000
flower 0.133750 0.294583 0.102500 0.065833
flower 0.165625 0.192917 0.041250 0.030833
flower 0.084375 0.215000 0.068750 0.068333
flower 0.880000 0.170000 0.042500 0.033333
flower 0.771250 0.145833 0.047500 0.038333
flower 0.820625 0.103750 0.058750 0.050833
leaf 0.680625 0.591250 0.113750 0.034167
leaf 0.747500 0.568750 0.077500 0.102500
leaf 0.859375 0.537917 0.131250 0.154167
leaf 0.606875 0.725833 0.233750 0.148333
stem 0.205625 0.229167 0.093750 0.046667
stem 0.289375 0.158750 0.193750 0.094167
stem 0.785000 0.482500 0.020000 0.218333
stem 0.812500 0.258333 0.070000 0.216667
stem 0.447500 0.447083 0.090000 0.689167
root 0.815625 0.665000 0.203750 0.053333
root 0.497500 0.850417 0.150000 0.089167
