fruit 0.149375 0.461667 0.036250 0.035000
fruit 0.193125 0.490000 0.031250 0.026667
fruit 0.302500 0.571667 0.050000 0.030000
leaf 0.660000 0.357500 0.170000 0.058333
leaf 0.849375 0.336250 0.176250 0.100833
leaf 0.831875 0.238750 0.136250 0.107500
leaf 0.738750 0.295833 0.052500 0.113333
leaf 0.649375 0.254583 0.116250 0.119167
leaf 0.624375 0.130833 0.203750 0.145000
leaf 0.550000 0.233333 0.082500 0.066667
leaf 0.448125 0.270000 0.101250 0.076667
leaf 0.298125 0.333333 0.171250 0.093333
fruit 0.097500 0.400417 0.042500 0.035833
leaf 0.286250 0.467500 0.152500 0.098333
leaf 0.190000 0.413333 0.152500 0.060000
fruit 0.612500 0.774167 0.042500 0.025000
leaf 0.573750 0.656667 0.112500 0.053333
leaf 0.466250 0.617500 0.142500 0.121667
leaf 0.300625 0.683333 0.133750 0.065000
leaf 0.169375 0.593750 0.211250 0.134167
leaf 0.790625 0.810833 0.078750 0.068333
leaf 0.693750 0.759583 0.137500 0.125833
leaf 0.543750 0.748750 0.150000 0.102500
stem 0.341250 0.400000 0.157500 0.046667
stem 0.548750 0.302500 0.110000 0.061667
stem 0.756875 0.586667 0.073750 0.058333
stem 0.588125 0.471250 0.431250 0.165833
stem 0.331875 0.748333 0.091250 0.055000
leaf 0.366875 0.173333 0.151250 0.148333
leaf 0.486250 0.155000 0.102500 0.116667
leaf 0.658750 0.858750 0.125000 0.060833
leaf 0.528750 0.840000 0.142500 0.090000
stem 0.524375 0.929167 0.093750 0.061667
leaf 0.377500 0.706250 0.107500 0.024167
leaf 0.347500 0.599167 0.127500 0.106667
leaf 0.148750 0.333750 0.182500 0.095833
