flower 0.606875 0.574583 0.031250 0.035833
flower 0.643750 0.516667 0.020000 0.013333
flower 0.596875 0.500000 0.043750 0.036667
flower 0.308125 0.472500 0.043750 0.045000
flower 0.293750 0.427083 0.027500 0.010833
flower 0.293125 0.514167 0.023750 0.018333
flower 0.267500 0.489583 0.067500 0.069167
fruit 0.845625 0.684167 0.068750 0.038333
fruit 0.844375 0.787917 0.083750 0.042500
fruit 0.838750 0.734583 0.062500 0.044167
fruit 0.726250 0.737083 0.075000 0.087500
seed 0.785625 0.740000 0.053750 0.040000
leaf 0.806875 0.308333 0.186250 0.105000
leaf 0.648750 0.345000 0.107500 0.116667
leaf 0.728125 0.416667 0.146250 0.068333
leaf 0.609375 0.395833 0.086250 0.098333
leaf 0.721875 0.535000 0.188750 0.138333
leaf 0.381250 0.349583 0.092500 0.102500
stem 0.346250 0.568333 0.090000 0.153333
stem 0.458125 0.593750 0.103750 0.379167
stem 0.644375 0.665833 0.063750 0.128333
stem 0.631250 0.562917 0.025000 0.069167
