fruit 0.448125 0.157500 0.038750 0.028333
fruit 0.419375 0.580833 0.041250 0.035000
fruit 0.801875 0.517500 0.038750 0.028333
leaf 0.236250 0.118333 0.265000 0.216667
leaf 0.425000 0.079167 0.125000 0.143333
leaf 0.443125 0.221667 0.116250 0.081667
leaf 0.546250 0.267083 0.097500 0.139167
leaf 0.426250 0.317917 0.227500 0.109167
leaf 0.711250 0.289167 0.217500 0.101667
leaf 0.686875 0.396250 0.246250 0.099167
leaf 0.879375 0.495417 0.206250 0.145833
leaf 0.681250 0.491667 0.182500 0.100000
leaf 0.755625 0.622083 0.118750 0.125833
leaf 0.556250 0.525000 0.192500 0.066667
leaf 0.470625 0.469583 0.101250 0.134167
leaf 0.327500 0.516250 0.200000 0.084167
leaf 0.110625 0.492500 0.188750 0.141667
leaf 0.104375 0.625000 0.191250 0.113333
leaf 0.298750 0.601667 0.187500 0.080000
leaf 0.481875 0.621667 0.086250 0.110000
leaf 0.388125 0.691667 0.171250 0.050000
leaf 0.445625 0.751250 0.073750 0.067500
leaf 0.552500 0.750833 0.107500 0.098333
leaf 0.610000 0.654583 0.195000 0.124167
stem 0.357500 0.234167 0.035000 0.035000
stem 0.213750 0.342500 0.200000 0.141667
stem 0.391875 0.395833 0.156250 0.041667
stem 0.539375 0.386667 0.071250 0.040000
stem 0.180625 0.741667 0.131250 0.116667
stem 0.800000 0.761667 0.372500 0.150000
