flower 0.464375 0.121250 0.058750 0.034167
flower 0.465625 0.141250 0.041250 0.014167
flower 0.425000 0.144583 0.032500 0.025833
flower 0.453125 0.172083 0.018750 0.005833
flower 0.440625 0.184583 0.013750 0.007500
flower 0.401875 0.166667 0.028750 0.020000
flower 0.478750 0.314583 0.022500 0.014167
flower 0.461250 0.322083 0.027500 0.022500
flower 0.420000 0.323333 0.027500 0.028333
flower 0.393125 0.326667 0.013750 0.011667
flower 0.532500 0.372917 0.042500 0.024167
flower 0.549375 0.394167 0.038750 0.021667
flower 0.198750 0.660833 0.035000 0.011667
flower 0.225000 0.685417 0.015000 0.009167
flower 0.201875 0.725000 0.051250 0.035000
flower 0.194375 0.699167 0.013750 0.015000
flower 0.201875 0.686250 0.023750 0.010833
flower 0.608125 0.606667 0.018750 0.010000
flower 0.615000 0.729167 0.020000 0.023333
flower 0.708750 0.063333 0.042500 0.025000
flower 0.673750 0.064583 0.025000 0.027500
flower 0.710625 0.109167 0.016250 0.006667
flower 0.673750 0.202917 0.042500 0.022500
flower 0.701875 0.211667 0.008750 0.008333
flower 0.672500 0.226667 0.012500 0.006667
flower 0.713750 0.239167 0.017500 0.015000
flower 0.738125 0.249167 0.026250 0.021667
flower 0.896875 0.333333 0.021250 0.018333
flower 0.919375 0.350000 0.008750 0.008333
flower 0.917500 0.687500 0.015000 0.008333
flower 0.908125 0.702917 0.033750 0.019167
flower 0.876875 0.693333 0.031250 0.011667
flower 0.884375 0.706250 0.013750 0.015833
flower 0.859375 0.712500 0.046250 0.021667
leaf 0.576250 0.627917 0.150000 0.067500
leaf 0.799375 0.747917 0.061250 0.049167
leaf 0.848125 0.748750 0.058750 0.050833
leaf 0.861250 0.670000 0.075000 0.056667
leaf 0.150625 0.678333 0.096250 0.035000
leaf 0.275625 0.670417 0.111250 0.074167
leaf 0.651875 0.488333 0.086250 0.040000
leaf 0.567500 0.472083 0.145000 0.079167
flower 0.615000 0.411250 0.022500 0.014167
flower 0.578125 0.422917 0.033750 0.017500
flower 0.591250 0.403333 0.022500 0.010000
leaf 0.547500 0.405000 0.105000 0.045000
leaf 0.636875 0.380000 0.083750 0.096667
leaf 0.716250 0.404583 0.067500 0.062500
leaf 0.906250 0.419167 0.122500 0.051667
leaf 0.756875 0.365000 0.161250 0.063333
leaf 0.885625 0.337917 0.078750 0.062500
leaf 0.829375 0.283750 0.123750 0.112500
leaf 0.653750 0.290833 0.120000 0.081667
leaf 0.745625 0.190417 0.071250 0.044167
leaf 0.787500 0.122500 0.125000 0.098333
leaf 0.645000 0.081250 0.087500 0.084167
leaf 0.605000 0.152083 0.117500 0.102500
leaf 0.366875 0.151250 0.078750 0.095833
leaf 0.303750 0.190833 0.102500 0.128333
leaf 0.363125 0.279583 0.078750 0.044167
leaf 0.322500 0.305000 0.050000 0.056667
leaf 0.412500 0.358333 0.100000 0.038333
leaf 0.364375 0.368750 0.076250 0.057500
stem 0.183125 0.269583 0.151250 0.244167
stem 0.271250 0.502917 0.057500 0.215833
stem 0.727500 0.634167 0.097500 0.313333
stem 0.791875 0.435000 0.081250 0.076667
stem 0.740000 0.312083 0.042500 0.065833
stem 0.692500 0.162083 0.042500 0.060833
leaf 0.420000 0.238750 0.120000 0.079167
