flower 0.814375 0.174167 0.086250 0.056667
flower 0.901875 0.232083 0.033750 0.020833
flower 0.833750 0.225833 0.045000 0.030000
flower 0.869375 0.208750 0.038750 0.039167
leaf 0.855000 0.079167 0.177500 0.136667
leaf 0.658750 0.132917 0.210000 0.142500
leaf 0.468750 0.130833 0.150000 0.115000
leaf 0.335625 0.137917 0.066250 0.047500
leaf 0.255000 0.162500 0.047500 0.028333
leaf 0.315000 0.252083 0.165000 0.159167
leaf 0.269375 0.432500 0.238750 0.175000
leaf 0.487500 0.481250 0.227500 0.175833
leaf 0.775625 0.588333 0.253750 0.215000
stem 0.731875 0.235000 0.023750 0.100000
stem 0.763125 0.199583 0.038750 0.062500
stem 0.814375 0.350000 0.223750 0.193333
stem 0.446250 0.263333 0.105000 0.090000
stem 0.556875 0.359583 0.066250 0.077500
stem 0.639375 0.574167 0.058750 0.180000
stem 0.528750 0.735833 0.372500 0.116667
stem 0.356875 0.577500 0.108750 0.163333
leaf 0.603125 0.238750 0.241250 0.164167
