fruit 0.151875 0.604583 0.063750 0.027500
fruit 0.181875 0.572083 0.028750 0.020833
flower 0.641875 0.327917 0.043750 0.017500
flower 0.765625 0.278333 0.016250 0.016667
leaf 0.604375 0.520417 0.228750 0.039167
leaf 0.485000 0.507917 0.085000 0.030833
leaf 0.776250 0.387500 0.062500 0.021667
leaf 0.846875 0.285833 0.138750 0.086667
leaf 0.842500 0.186667 0.122500 0.080000
leaf 0.670000 0.297917 0.145000 0.060833
leaf 0.719375 0.355417 0.063750 0.074167
leaf 0.646875 0.393750 0.118750 0.030833
leaf 0.516250 0.440417 0.190000 0.130833
leaf 0.508750 0.332917 0.142500 0.130833
leaf 0.575625 0.183333 0.156250 0.166667
leaf 0.282500 0.152083 0.207500 0.187500
leaf 0.318125 0.276667 0.056250 0.105000
leaf 0.364375 0.325417 0.091250 0.082500
leaf 0.275000 0.374167 0.097500 0.101667
leaf 0.368125 0.425000 0.128750 0.123333
leaf 0.189375 0.439167 0.178750 0.125000
leaf 0.256875 0.564583 0.058750 0.067500
leaf 0.407500 0.576667 0.085000 0.171667
leaf 0.136250 0.553333 0.185000 0.100000
leaf 0.172500 0.667500 0.145000 0.101667
leaf 0.416250 0.799167 0.082500 0.031667
leaf 0.313750 0.749583 0.087500 0.074167
stem 0.796250 0.254167 0.032500 0.055000
stem 0.759375 0.335417 0.018750 0.085833
stem 0.803125 0.346667 0.051250 0.051667
stem 0.785000 0.505000 0.080000 0.206667
stem 0.653750 0.632083 0.355000 0.177500
stem 0.642500 0.359583 0.042500 0.035833
stem 0.413125 0.312917 0.028750 0.092500
stem 0.446250 0.465000 0.027500 0.043333
stem 0.458125 0.390000 0.031250 0.036667
stem 0.289375 0.480833 0.033750 0.085000
stem 0.251250 0.702917 0.025000 0.194167
stem 0.306875 0.689583 0.076250 0.064167
stem 0.397500 0.725000 0.062500 0.105000
stem 0.300625 0.850417 0.126250 0.120833
leaf 0.293125 0.839583 0.048750 0.047500
leaf 0.434375 0.157917 0.133750 0.190833
leaf 0.325000 0.569583 0.097500 0.149167
