flower 0.309375 0.250417 0.036250 0.014167
flower 0.611875 0.247083 0.041250 0.015833
flower 0.604375 0.360000 0.031250 0.023333
flower 0.681250 0.575417 0.065000 0.025833
leaf 0.535625 0.667500 0.246250 0.228333
leaf 0.406875 0.513750 0.151250 0.085833
leaf 0.805625 0.439583 0.263750 0.230833
leaf 0.402500 0.373750 0.320000 0.180833
leaf 0.731875 0.265417 0.223750 0.164167
leaf 0.626250 0.187917 0.110000 0.092500
leaf 0.500625 0.256250 0.221250 0.082500
leaf 0.229375 0.310833 0.181250 0.125000
leaf 0.173750 0.236250 0.105000 0.020833
leaf 0.310000 0.169583 0.217500 0.157500
leaf 0.178125 0.207500 0.096250 0.028333
stem 0.366250 0.273750 0.062500 0.035833
stem 0.420000 0.280833 0.047500 0.013333
stem 0.548750 0.323333 0.065000 0.036667
stem 0.683750 0.377083 0.040000 0.070833
stem 0.548125 0.502500 0.103750 0.066667
stem 0.651250 0.471667 0.082500 0.176667
stem 0.664375 0.628333 0.018750 0.073333
stem 0.638125 0.720000 0.028750 0.056667
