flower 0.363750 0.058750 0.100000 0.097500
flower 0.445000 0.178333 0.060000 0.066667
flower 0.425625 0.123333 0.048750 0.041667
flower 0.404375 0.188333 0.026250 0.028333
flower 0.356875 0.169583 0.061250 0.032500
flower 0.368125 0.120000 0.071250 0.066667
flower 0.298125 0.112500 0.056250 0.041667
flower 0.302500 0.138750 0.055000 0.034167
flower 0.251875 0.137917 0.063750 0.047500
flower 0.233750 0.098750 0.045000 0.035833
flower 0.188750 0.112500 0.065000 0.058333
flower 0.205000 0.156250 0.027500 0.025833
flower 0.155000 0.141250 0.052500 0.039167
flower 0.069375 0.138750 0.066250 0.047500
flower 0.110625 0.133333 0.046250 0.040000
flower 0.113125 0.103750 0.053750 0.025833
flower 0.098750 0.235417 0.045000 0.022500
flower 0.108750 0.196250 0.032500 0.025833
flower 0.093125 0.173333 0.028750 0.020000
flower 0.773125 0.252500 0.043750 0.051667
flower 0.751250 0.186250 0.047500 0.052500
flower 0.896250 0.287083 0.042500 0.022500
flower 0.905625 0.262083 0.038750 0.025833
flower 0.902500 0.236250 0.045000 0.039167
flower 0.924375 0.174583 0.098750 0.074167
flower 0.888125 0.107917 0.063750 0.060833
flower 0.857500 0.157083 0.052500 0.060833
flower 0.818125 0.158750 0.043750 0.059167
flower 0.777500 0.162083 0.050000 0.049167
flower 0.735000 0.070833 0.105000 0.135000
flower 0.861875 0.285417 0.038750 0.052500
stem 0.806875 0.213750 0.048750 0.050833
stem 0.863750 0.232500 0.045000 0.056667
stem 0.815625 0.330417 0.033750 0.140833
stem 0.384375 0.222500 0.108750 0.065000
stem 0.226250 0.232500 0.182500 0.118333
stem 0.761875 0.642083 0.321250 0.130833
stem 0.860625 0.495000 0.108750 0.148333
leaf 0.520625 0.813333 0.308750 0.211667
stem 0.529375 0.673333 0.121250 0.020000
flower 0.960000 0.275417 0.060000 0.035833
stem 0.865625 0.397083 0.061250 0.032500
stem 0.770625 0.394583 0.053750 0.079167
leaf 0.250625 0.793333 0.438750 0.230000
leaf 0.301250 0.549167 0.600000 0.290000
leaf 0.547500 0.428750 0.532500 0.314167
