flower 0.235625 0.281667 0.041250 0.038333
flower 0.248125 0.317083 0.056250 0.022500
flower 0.410625 0.372083 0.043750 0.024167
flower 0.501250 0.406667 0.032500 0.035000
flower 0.588125 0.464583 0.043750 0.020833
flower 0.684375 0.086250 0.036250 0.024167
leaf 0.649375 0.070833 0.076250 0.011667
leaf 0.651250 0.086667 0.067500 0.020000
leaf 0.701250 0.110417 0.025000 0.042500
leaf 0.316875 0.337500 0.083750 0.046667
leaf 0.268750 0.360000 0.047500 0.063333
leaf 0.189375 0.329583 0.091250 0.037500
leaf 0.313750 0.266667 0.122500 0.061667
leaf 0.196250 0.272500 0.092500 0.058333
leaf 0.873125 0.170417 0.038750 0.045833
leaf 0.920000 0.177083 0.067500 0.047500
leaf 0.823125 0.195833 0.086250 0.025000
leaf 0.843750 0.217917 0.042500 0.020833
leaf 0.888750 0.236250 0.037500 0.017500
leaf 0.858125 0.235000 0.028750 0.023333
leaf 0.845625 0.252500 0.031250 0.015000
leaf 0.673750 0.292500 0.070000 0.058333
leaf 0.634375 0.313750 0.018750 0.024167
leaf 0.618125 0.348333 0.031250 0.016667
leaf 0.575000 0.340833 0.072500 0.030000
leaf 0.625000 0.497083 0.097500 0.027500
leaf 0.569375 0.488750 0.036250 0.029167
leaf 0.553750 0.435417 0.082500 0.069167
leaf 0.447500 0.394167 0.125000 0.086667
leaf 0.428125 0.444167 0.128750 0.031667
leaf 0.505625 0.470000 0.078750 0.061667
leaf 0.790625 0.551250 0.036250 0.069167
leaf 0.806875 0.598750 0.031250 0.020833
leaf 0.733125 0.593750 0.098750 0.072500
leaf 0.470000 0.653750 0.155000 0.072500
leaf 0.461875 0.717083 0.111250 0.047500
stem 0.223750 0.156667 0.247500 0.161667
stem 0.183125 0.295833 0.021250 0.045000
stem 0.164375 0.481250 0.058750 0.270833
stem 0.545000 0.209583 0.242500 0.209167
stem 0.724375 0.356250 0.148750 0.039167
stem 0.861250 0.458333 0.117500 0.396667
stem 0.549375 0.595833 0.046250 0.188333
stem 0.544375 0.751667 0.073750 0.125000
