flower 0.173125 0.371250 0.058750 0.020833
flower 0.410000 0.338333 0.030000 0.020000
flower 0.658750 0.417500 0.032500 0.021667
flower 0.855000 0.262917 0.082500 0.030833
leaf 0.097500 0.421667 0.082500 0.026667
leaf 0.164375 0.400833 0.053750 0.043333
leaf 0.395000 0.353750 0.045000 0.029167
leaf 0.453750 0.367500 0.075000 0.028333
leaf 0.602500 0.419167 0.055000 0.045000
leaf 0.641875 0.461667 0.043750 0.045000
leaf 0.810000 0.381250 0.035000 0.042500
leaf 0.830000 0.336250 0.055000 0.057500
stem 0.820625 0.311250 0.028750 0.060833
stem 0.868125 0.437917 0.076250 0.144167
stem 0.631250 0.542917 0.027500 0.115833
stem 0.411875 0.416667 0.026250 0.080000
stem 0.183125 0.514167 0.088750 0.175000
root 0.232500 0.616667 0.042500 0.046667
root 0.441875 0.470833 0.051250 0.045000
root 0.632500 0.622917 0.055000 0.040833
root 0.830000 0.521250 0.050000 0.029167
