fruit 0.385625 0.172917 0.066250 0.042500
fruit 0.835000 0.325000 0.070000 0.036667
fruit 0.848125 0.432917 0.066250 0.040833
fruit 0.684375 0.546250 0.053750 0.045833
fruit 0.852500 0.757500 0.062500 0.048333
fruit 0.802500 0.727500 0.030000 0.038333
leaf 0.432500 0.077500 0.080000 0.070000
leaf 0.344375 0.107083 0.061250 0.037500
leaf 0.453125 0.149167 0.083750 0.081667
leaf 0.528750 0.193750 0.087500 0.054167
leaf 0.692500 0.291667 0.075000 0.070000
leaf 0.580625 0.389583 0.043750 0.045833
leaf 0.531875 0.361667 0.071250 0.073333
leaf 0.428750 0.330000 0.062500 0.078333
leaf 0.363750 0.317500 0.105000 0.068333
leaf 0.425000 0.443333 0.135000 0.080000
leaf 0.208750 0.421250 0.047500 0.060833
leaf 0.275000 0.439167 0.085000 0.053333
leaf 0.323125 0.407917 0.078750 0.070833
leaf 0.607500 0.507083 0.080000 0.052500
leaf 0.818125 0.655833 0.083750 0.083333
leaf 0.721875 0.605833 0.116250 0.068333
leaf 0.678750 0.454167 0.102500 0.056667
leaf 0.858750 0.375833 0.057500 0.045000
leaf 0.766875 0.380000 0.053750 0.043333
leaf 0.896875 0.418750 0.056250 0.079167
leaf 0.776250 0.441250 0.097500 0.075833
leaf 0.818750 0.588333 0.085000 0.050000
leaf 0.871250 0.553333 0.070000 0.040000
stem 0.323125 0.141667 0.111250 0.030000
stem 0.339375 0.237917 0.143750 0.087500
stem 0.230625 0.218750 0.103750 0.339167
stem 0.208125 0.547500 0.103750 0.191667
stem 0.345000 0.555000 0.195000 0.168333
stem 0.520000 0.514583 0.097500 0.202500
stem 0.763750 0.335833 0.067500 0.035000
stem 0.443125 0.389167 0.053750 0.033333
leaf 0.330000 0.032917 0.067500 0.045833
leaf 0.884375 0.490000 0.093750 0.081667
leaf 0.706250 0.501667 0.112500 0.048333
leaf 0.790000 0.534167 0.095000 0.078333
stem 0.393125 0.677083 0.646250 0.084167
