flower 0.437500 0.167500 0.102500 0.038333
flower 0.413750 0.190000 0.062500 0.055000
flower 0.291875 0.399167 0.058750 0.025000
flower 0.337500 0.420417 0.050000 0.034167
flower 0.395000 0.507500 0.062500 0.055000
flower 0.338125 0.495000 0.048750 0.036667
flower 0.342500 0.535000 0.067500 0.033333
leaf 0.288750 0.099167 0.315000 0.185000
leaf 0.745000 0.167083 0.360000 0.145833
leaf 0.672500 0.328333 0.380000 0.126667
leaf 0.214375 0.277917 0.276250 0.190833
leaf 0.744375 0.524583 0.191250 0.175833
leaf 0.526250 0.487500 0.340000 0.103333
leaf 0.765625 0.712500 0.273750 0.138333
leaf 0.475625 0.625833 0.296250 0.105000
leaf 0.560625 0.753333 0.148750 0.190000
stem 0.516250 0.110000 0.080000 0.118333
stem 0.423750 0.305417 0.127500 0.182500
stem 0.344375 0.457917 0.038750 0.037500
stem 0.285625 0.557500 0.068750 0.218333
