flower 0.113750 0.158750 0.070000 0.045833
flower 0.201250 0.191250 0.080000 0.049167
flower 0.121875 0.249167 0.068750 0.036667
flower 0.066875 0.224167 0.063750 0.048333
flower 0.381250 0.500833 0.072500 0.040000
flower 0.343750 0.464167 0.067500 0.030000
flower 0.875000 0.090417 0.070000 0.044167
flower 0.830625 0.111667 0.063750 0.043333
flower 0.801250 0.149167 0.097500 0.055000
leaf 0.106250 0.314583 0.035000 0.025833
leaf 0.143125 0.278750 0.013750 0.019167
leaf 0.133750 0.366250 0.010000 0.030833
leaf 0.118125 0.485417 0.043750 0.035833
leaf 0.137500 0.567917 0.055000 0.060833
leaf 0.075000 0.575000 0.070000 0.085000
leaf 0.133125 0.725833 0.073750 0.025000
leaf 0.056250 0.680417 0.102500 0.074167
leaf 0.355625 0.740833 0.033750 0.048333
leaf 0.387500 0.785000 0.047500 0.030000
leaf 0.638125 0.729583 0.043750 0.027500
leaf 0.589375 0.596250 0.063750 0.039167
leaf 0.715000 0.690000 0.077500 0.061667
leaf 0.770000 0.637500 0.057500 0.028333
leaf 0.767500 0.585000 0.040000 0.025000
leaf 0.876250 0.543333 0.085000 0.060000
leaf 0.816875 0.447917 0.123750 0.087500
leaf 0.800000 0.369167 0.095000 0.061667
leaf 0.803125 0.319583 0.093750 0.059167
leaf 0.850000 0.264167 0.042500 0.053333
leaf 0.865000 0.179583 0.030000 0.014167
stem 0.106250 0.195000 0.015000 0.036667
stem 0.183750 0.246250 0.047500 0.072500
stem 0.118750 0.287500 0.037500 0.045000
stem 0.125000 0.340417 0.012500 0.034167
stem 0.125625 0.424583 0.018750 0.090833
stem 0.116875 0.522083 0.016250 0.032500
stem 0.105625 0.644167 0.018750 0.055000
stem 0.131875 0.757500 0.048750 0.038333
stem 0.149375 0.652917 0.043750 0.114167
stem 0.237500 0.464583 0.147500 0.240833
stem 0.386875 0.282917 0.148750 0.119167
stem 0.365000 0.617917 0.032500 0.197500
stem 0.618750 0.664583 0.062500 0.105833
stem 0.541250 0.461667 0.107500 0.235000
stem 0.685625 0.750417 0.078750 0.052500
stem 0.812500 0.558750 0.057500 0.142500
stem 0.838125 0.435000 0.013750 0.050000
stem 0.826875 0.209167 0.036250 0.065000
stem 0.848750 0.141250 0.030000 0.025833
