fruit 0.232500 0.546250 0.257500 0.194167
flower 0.685000 0.365833 0.087500 0.053333
flower 0.630625 0.340000 0.091250 0.071667
flower 0.614375 0.373750 0.046250 0.030833
leaf 0.806875 0.162917 0.236250 0.127500
leaf 0.744375 0.270000 0.296250 0.105000
leaf 0.466875 0.240833 0.091250 0.065000
leaf 0.568125 0.302083 0.063750 0.039167
leaf 0.846875 0.533750 0.091250 0.097500
leaf 0.760000 0.416250 0.172500 0.180833
leaf 0.468750 0.370833 0.162500 0.165000
leaf 0.608125 0.444583 0.116250 0.107500
leaf 0.728125 0.550000 0.156250 0.080000
leaf 0.591875 0.525417 0.163750 0.075833
leaf 0.221875 0.412917 0.278750 0.077500
leaf 0.591250 0.635417 0.142500 0.090833
leaf 0.607500 0.724583 0.137500 0.110833
leaf 0.493750 0.637083 0.120000 0.134167
leaf 0.330000 0.606667 0.205000 0.128333
stem 0.404375 0.438750 0.071250 0.030833
stem 0.410000 0.360417 0.057500 0.022500
stem 0.753750 0.627083 0.172500 0.070833
stem 0.597500 0.578333 0.097500 0.028333
stem 0.478125 0.557500 0.076250 0.025000
stem 0.392500 0.682500 0.082500 0.078333
stem 0.420625 0.751667 0.233750 0.101667
leaf 0.603125 0.149583 0.191250 0.144167
leaf 0.881250 0.341250 0.097500 0.147500
leaf 0.485000 0.841667 0.247500 0.086667
