fruit 0.280000 0.237500 0.047500 0.030000
fruit 0.348750 0.151667 0.027500 0.015000
fruit 0.631250 0.215000 0.055000 0.055000
fruit 0.638750 0.314583 0.025000 0.017500
fruit 0.654375 0.387917 0.023750 0.019167
fruit 0.366875 0.679167 0.021250 0.015000
leaf 0.145000 0.117500 0.265000 0.131667
leaf 0.483125 0.185833 0.283750 0.086667
leaf 0.595000 0.100833 0.125000 0.176667
leaf 0.457500 0.259583 0.315000 0.090833
leaf 0.383750 0.342083 0.280000 0.092500
leaf 0.455000 0.420417 0.337500 0.084167
leaf 0.455000 0.555417 0.317500 0.225833
leaf 0.523750 0.738750 0.187500 0.104167
leaf 0.733125 0.774583 0.123750 0.050833
leaf 0.808125 0.570833 0.276250 0.075000
leaf 0.830000 0.460417 0.312500 0.087500
leaf 0.821875 0.350833 0.321250 0.100000
leaf 0.809375 0.216667 0.321250 0.185000
stem 0.355000 0.118333 0.042500 0.051667
stem 0.306250 0.186250 0.057500 0.074167
stem 0.240625 0.268333 0.048750 0.073333
stem 0.205000 0.347917 0.035000 0.080833
stem 0.159375 0.503750 0.073750 0.260833
stem 0.252500 0.633333 0.125000 0.060000
stem 0.332500 0.662500 0.035000 0.058333
stem 0.386875 0.744167 0.081250 0.111667
stem 0.640000 0.774167 0.030000 0.051667
stem 0.643750 0.510417 0.032500 0.217500
stem 0.631250 0.352083 0.017500 0.060833
stem 0.631875 0.271667 0.026250 0.060000
leaf 0.271250 0.441667 0.147500 0.103333
stem 0.514375 0.880000 0.168750 0.161667
