fruit 0.648125 0.329167 0.038750 0.023333
fruit 0.503750 0.357500 0.027500 0.018333
fruit 0.377500 0.363750 0.025000 0.019167
fruit 0.358750 0.342500 0.032500 0.025000
fruit 0.328125 0.343333 0.031250 0.023333
fruit 0.250625 0.382917 0.023750 0.020833
fruit 0.463125 0.130000 0.018750 0.016667
fruit 0.557500 0.143333 0.027500 0.010000
fruit 0.810625 0.686667 0.033750 0.020000
fruit 0.798125 0.512083 0.028750 0.019167
stem 0.541875 0.709583 0.048750 0.044167
stem 0.582500 0.632500 0.080000 0.018333
stem 0.674375 0.657083 0.041250 0.017500
stem 0.726875 0.668333 0.056250 0.011667
stem 0.570625 0.436250 0.021250 0.034167
stem 0.378125 0.527917 0.053750 0.020833
stem 0.348125 0.560417 0.013750 0.065833
stem 0.398125 0.322083 0.031250 0.069167
stem 0.217500 0.330833 0.030000 0.095000
stem 0.243125 0.362083 0.031250 0.012500
stem 0.115625 0.413750 0.028750 0.020833
stem 0.433125 0.150000 0.023750 0.025000
stem 0.337500 0.184583 0.022500 0.019167
stem 0.466875 0.202083 0.046250 0.010833
stem 0.401250 0.267500 0.017500 0.030000
stem 0.369375 0.276667 0.023750 0.020000
stem 0.306250 0.240000 0.055000 0.013333
stem 0.269375 0.211667 0.018750 0.040000
stem 0.510625 0.097500 0.043750 0.018333
leaf 0.684375 0.292500 0.086250 0.051667
leaf 0.691875 0.335417 0.061250 0.037500
leaf 0.341250 0.527083 0.040000 0.047500
leaf 0.869375 0.652083 0.068750 0.039167
leaf 0.527500 0.680417 0.030000 0.017500
leaf 0.363125 0.570000 0.068750 0.083333
leaf 0.780625 0.675000 0.063750 0.026667
leaf 0.714375 0.695417 0.078750 0.055833
leaf 0.790000 0.715833 0.090000 0.041667
leaf 0.522500 0.645000 0.062500 0.045000
leaf 0.566875 0.605417 0.091250 0.039167
leaf 0.591250 0.637917 0.040000 0.019167
leaf 0.638125 0.622917 0.056250 0.055833
leaf 0.725000 0.640833 0.070000 0.050000
leaf 0.798750 0.605417 0.082500 0.060833
leaf 0.822500 0.657083 0.020000 0.017500
leaf 0.780625 0.647917 0.041250 0.017500
leaf 0.708125 0.596667 0.093750 0.055000
leaf 0.808125 0.550000 0.106250 0.055000
leaf 0.678125 0.538750 0.158750 0.074167
leaf 0.733750 0.483333 0.082500 0.036667
leaf 0.810000 0.505833 0.097500 0.035000
leaf 0.866250 0.465000 0.137500 0.048333
leaf 0.903125 0.513750 0.091250 0.055833
leaf 0.633750 0.479167 0.127500 0.056667
leaf 0.715625 0.452917 0.038750 0.022500
leaf 0.663750 0.407500 0.160000 0.085000
leaf 0.614375 0.343750 0.086250 0.040833
leaf 0.566875 0.301250 0.141250 0.065833
leaf 0.518750 0.183750 0.127500 0.064167
leaf 0.543750 0.118333 0.067500 0.056667
leaf 0.471250 0.117083 0.072500 0.070833
leaf 0.300000 0.193333 0.052500 0.068333
leaf 0.378125 0.241667 0.108750 0.065000
leaf 0.386250 0.186250 0.102500 0.049167
leaf 0.452500 0.214167 0.042500 0.048333
leaf 0.286250 0.338750 0.070000 0.054167
leaf 0.345000 0.314167 0.075000 0.033333
leaf 0.298750 0.290833 0.090000 0.038333
leaf 0.235000 0.302083 0.032500 0.035833
leaf 0.254375 0.261250 0.058750 0.034167
leaf 0.530000 0.376250 0.105000 0.080833
leaf 0.518125 0.440833 0.088750 0.050000
leaf 0.456875 0.335417 0.078750 0.069167
leaf 0.436250 0.414583 0.097500 0.117500
leaf 0.400000 0.489583 0.082500 0.059167
leaf 0.326875 0.420000 0.138750 0.111667
leaf 0.302500 0.512917 0.102500 0.072500
leaf 0.199375 0.441250 0.113750 0.072500
leaf 0.189375 0.386250 0.108750 0.037500
leaf 0.100000 0.472917 0.090000 0.100833
leaf 0.198125 0.512083 0.111250 0.074167
leaf 0.263750 0.583333 0.110000 0.071667
leaf 0.170625 0.574583 0.083750 0.050833
leaf 0.113125 0.553750 0.061250 0.065833
stem 0.526875 0.522500 0.093750 0.116667
stem 0.465000 0.568333 0.115000 0.093333
