flower 0.693125 0.521250 0.061250 0.060833
flower 0.650000 0.523750 0.097500 0.054167
flower 0.589375 0.199167 0.083750 0.045000
flower 0.553750 0.179167 0.112500 0.045000
leaf 0.321875 0.162083 0.041250 0.037500
leaf 0.278750 0.130417 0.042500 0.034167
leaf 0.627500 0.271250 0.235000 0.095833
leaf 0.726875 0.215833 0.233750 0.085000
leaf 0.578125 0.115000 0.206250 0.148333
leaf 0.590625 0.587917 0.191250 0.070833
leaf 0.715000 0.567500 0.072500 0.045000
leaf 0.516250 0.489167 0.287500 0.143333
leaf 0.737500 0.442917 0.205000 0.192500
stem 0.229375 0.340417 0.241250 0.320833
stem 0.727500 0.707917 0.090000 0.234167
leaf 0.449375 0.152083 0.068750 0.079167
stem 0.413125 0.247917 0.126250 0.059167
