fruit 0.471250 0.304583 0.062500 0.055833
fruit 0.716250 0.576667 0.072500 0.046667
leaf 0.522500 0.089167 0.050000 0.015000
leaf 0.360625 0.052083 0.043750 0.027500
leaf 0.236250 0.127500 0.037500 0.026667
leaf 0.188750 0.160417 0.020000 0.034167
leaf 0.221250 0.164583 0.025000 0.027500
leaf 0.243125 0.166667 0.016250 0.026667
leaf 0.286250 0.151250 0.027500 0.009167
leaf 0.277500 0.167917 0.025000 0.014167
leaf 0.230000 0.250000 0.015000 0.016667
leaf 0.216875 0.223333 0.043750 0.020000
leaf 0.270625 0.205833 0.023750 0.036667
leaf 0.320625 0.285417 0.026250 0.027500
leaf 0.344375 0.276667 0.031250 0.030000
leaf 0.359375 0.271667 0.023750 0.033333
leaf 0.334375 0.235833 0.026250 0.031667
leaf 0.363125 0.228333 0.016250 0.030000
leaf 0.385625 0.220000 0.018750 0.030000
leaf 0.358750 0.209167 0.035000 0.011667
leaf 0.440000 0.210000 0.015000 0.023333
leaf 0.409375 0.158333 0.031250 0.030000
leaf 0.360000 0.081667 0.055000 0.028333
leaf 0.466250 0.087083 0.047500 0.010833
leaf 0.468750 0.105833 0.052500 0.028333
leaf 0.492500 0.175417 0.035000 0.015833
leaf 0.503125 0.192917 0.026250 0.017500
leaf 0.508750 0.220833 0.027500 0.008333
leaf 0.560000 0.116250 0.032500 0.019167
leaf 0.575625 0.185000 0.036250 0.010000
leaf 0.585000 0.198333 0.027500 0.010000
leaf 0.638750 0.166667 0.030000 0.013333
leaf 0.687500 0.128333 0.022500 0.025000
leaf 0.706250 0.109167 0.022500 0.025000
leaf 0.731875 0.104583 0.026250 0.027500
leaf 0.743125 0.125833 0.043750 0.011667
leaf 0.502500 0.230000 0.020000 0.013333
leaf 0.455000 0.265000 0.040000 0.013333
leaf 0.440625 0.270417 0.023750 0.022500
leaf 0.403750 0.295833 0.030000 0.015000
leaf 0.413125 0.335000 0.021250 0.026667
leaf 0.400000 0.401667 0.037500 0.036667
leaf 0.270000 0.440417 0.030000 0.034167
leaf 0.320625 0.432500 0.048750 0.026667
leaf 0.364375 0.456667 0.036250 0.011667
leaf 0.308125 0.516667 0.028750 0.018333
leaf 0.310000 0.495417 0.035000 0.015833
leaf 0.356875 0.503333 0.028750 0.020000
leaf 0.338125 0.479167 0.058750 0.021667
leaf 0.224375 0.460000 0.023750 0.033333
leaf 0.201875 0.477917 0.033750 0.025833
leaf 0.905000 0.273333 0.075000 0.063333
leaf 0.876250 0.315000 0.052500 0.018333
leaf 0.810000 0.281250 0.067500 0.044167
leaf 0.666875 0.325000 0.026250 0.023333
leaf 0.673750 0.347917 0.027500 0.022500
leaf 0.708125 0.326667 0.033750 0.036667
leaf 0.692500 0.359583 0.032500 0.020833
leaf 0.710625 0.368750 0.028750 0.019167
leaf 0.934375 0.332917 0.043750 0.024167
leaf 0.741875 0.379167 0.013750 0.020000
leaf 0.757500 0.381667 0.025000 0.010000
leaf 0.821875 0.395833 0.026250 0.008333
leaf 0.773750 0.403333 0.090000 0.030000
leaf 0.770625 0.438333 0.066250 0.040000
leaf 0.617500 0.460833 0.082500 0.031667
leaf 0.685000 0.507500 0.020000 0.028333
leaf 0.701875 0.525000 0.043750 0.015000
leaf 0.580625 0.505417 0.048750 0.057500
leaf 0.632500 0.538333 0.050000 0.013333
leaf 0.698125 0.545833 0.048750 0.011667
leaf 0.734375 0.644167 0.043750 0.028333
leaf 0.669375 0.671250 0.013750 0.019167
leaf 0.641875 0.645833 0.021250 0.015000
leaf 0.624375 0.667083 0.021250 0.012500
leaf 0.626875 0.650417 0.018750 0.014167
leaf 0.182500 0.742917 0.015000 0.017500
leaf 0.168125 0.739167 0.013750 0.021667
leaf 0.146875 0.735000 0.018750 0.028333
leaf 0.124375 0.727917 0.021250 0.027500
leaf 0.104375 0.721667 0.018750 0.030000
leaf 0.068750 0.717917 0.047500 0.032500
leaf 0.091250 0.741667 0.030000 0.010000
leaf 0.102500 0.747917 0.042500 0.009167
leaf 0.280625 0.793333 0.018750 0.013333
leaf 0.438750 0.808750 0.087500 0.040833
leaf 0.250625 0.748333 0.043750 0.010000
leaf 0.292500 0.740000 0.022500 0.020000
leaf 0.291250 0.725000 0.025000 0.016667
leaf 0.250000 0.730417 0.045000 0.012500
leaf 0.433750 0.725833 0.030000 0.028333
leaf 0.408125 0.716667 0.046250 0.016667
leaf 0.474375 0.706667 0.023750 0.028333
leaf 0.493125 0.694583 0.026250 0.022500
leaf 0.417500 0.699167 0.045000 0.016667
leaf 0.427500 0.689167 0.045000 0.015000
leaf 0.446250 0.682083 0.045000 0.014167
leaf 0.533125 0.639583 0.021250 0.019167
leaf 0.540000 0.629167 0.015000 0.025000
stem 0.154375 0.144167 0.066250 0.008333
stem 0.339375 0.181667 0.086250 0.036667
stem 0.310625 0.210000 0.048750 0.021667
stem 0.413125 0.115000 0.043750 0.053333
stem 0.397500 0.188333 0.075000 0.018333
stem 0.434375 0.182917 0.021250 0.030833
stem 0.418750 0.230000 0.040000 0.016667
stem 0.470625 0.207917 0.041250 0.027500
stem 0.509375 0.145833 0.026250 0.040000
stem 0.586875 0.158333 0.013750 0.043333
stem 0.497500 0.257500 0.055000 0.038333
stem 0.528125 0.192083 0.018750 0.047500
stem 0.705000 0.217917 0.202500 0.084167
stem 0.498125 0.422083 0.148750 0.099167
stem 0.506250 0.372917 0.245000 0.027500
stem 0.778750 0.523333 0.055000 0.133333
stem 0.718125 0.613333 0.066250 0.031667
stem 0.556875 0.813333 0.151250 0.271667
stem 0.585000 0.660417 0.065000 0.062500
stem 0.831250 0.414583 0.037500 0.032500
leaf 0.334375 0.388333 0.086250 0.051667
leaf 0.373750 0.431250 0.055000 0.039167
leaf 0.951250 0.309167 0.045000 0.011667
leaf 0.878750 0.361250 0.112500 0.065833
leaf 0.731250 0.290417 0.082500 0.044167
leaf 0.810625 0.320833 0.091250 0.033333
leaf 0.778750 0.352083 0.095000 0.072500
leaf 0.673125 0.568750 0.051250 0.034167
leaf 0.660000 0.605000 0.042500 0.035000
leaf 0.685000 0.639583 0.055000 0.030833
leaf 0.606875 0.574583 0.088750 0.040833
leaf 0.612500 0.613750 0.062500 0.037500
leaf 0.561250 0.609583 0.015000 0.022500
leaf 0.426875 0.546250 0.161250 0.089167
leaf 0.425000 0.633333 0.162500 0.076667
leaf 0.521250 0.605417 0.035000 0.079167
leaf 0.265000 0.705417 0.077500 0.035833
leaf 0.278750 0.765833 0.065000 0.036667
leaf 0.176875 0.783333 0.143750 0.058333
leaf 0.285000 0.887500 0.127500 0.100000
leaf 0.170000 0.869583 0.105000 0.062500
leaf 0.211875 0.826667 0.173750 0.043333
stem 0.351250 0.795833 0.077500 0.075000
