flower 0.274375 0.188333 0.023750 0.013333
flower 0.173750 0.300417 0.015000 0.009167
flower 0.163750 0.289583 0.012500 0.010833
flower 0.187500 0.347083 0.020000 0.019167
flower 0.216875 0.390833 0.021250 0.020000
flower 0.231250 0.442083 0.012500 0.010833
flower 0.480625 0.362917 0.026250 0.012500
flower 0.469375 0.274583 0.008750 0.004167
flower 0.744375 0.206667 0.013750 0.010000
leaf 0.745625 0.592083 0.168750 0.099167
leaf 0.514375 0.743333 0.248750 0.175000
leaf 0.575000 0.551667 0.200000 0.100000
leaf 0.766875 0.422500 0.148750 0.108333
leaf 0.614375 0.408750 0.161250 0.114167
leaf 0.812500 0.260833 0.175000 0.223333
leaf 0.811875 0.101250 0.176250 0.095833
leaf 0.650000 0.165833 0.170000 0.105000
leaf 0.516875 0.130833 0.101250 0.078333
leaf 0.505000 0.205417 0.027500 0.032500
leaf 0.371250 0.141250 0.165000 0.095833
leaf 0.223750 0.162083 0.120000 0.114167
leaf 0.138750 0.202500 0.125000 0.158333
leaf 0.178750 0.315000 0.060000 0.043333
leaf 0.255000 0.328333 0.127500 0.140000
leaf 0.467500 0.329167 0.172500 0.155000
leaf 0.468125 0.481250 0.198750 0.145833
leaf 0.300625 0.474583 0.196250 0.219167
stem 0.266875 0.230833 0.021250 0.025000
stem 0.533750 0.187083 0.017500 0.032500
stem 0.768750 0.180417 0.035000 0.045833
stem 0.748750 0.233750 0.010000 0.035833
stem 0.514375 0.274583 0.021250 0.092500
stem 0.711250 0.516250 0.025000 0.057500
stem 0.660625 0.707500 0.056250 0.150000
stem 0.421875 0.612917 0.091250 0.099167
stem 0.330000 0.685000 0.092500 0.178333
