flower 0.170000 0.132500 0.085000 0.048333
flower 0.096875 0.139167 0.068750 0.043333
flower 0.142500 0.218750 0.060000 0.055833
flower 0.216875 0.290417 0.061250 0.045833
flower 0.128125 0.430417 0.066250 0.049167
flower 0.164375 0.480833 0.041250 0.025000
flower 0.254375 0.473750 0.026250 0.025833
flower 0.188125 0.522917 0.038750 0.039167
flower 0.312500 0.526250 0.055000 0.034167
flower 0.100625 0.700833 0.026250 0.015000
flower 0.260625 0.398750 0.033750 0.015833
flower 0.415625 0.353750 0.023750 0.010833
flower 0.631875 0.474167 0.058750 0.035000
flower 0.656250 0.455833 0.052500 0.035000
flower 0.709375 0.456667 0.023750 0.016667
flower 0.820625 0.416250 0.031250 0.019167
flower 0.583750 0.338333 0.032500 0.031667
flower 0.664375 0.306250 0.038750 0.024167
flower 0.508125 0.306667 0.053750 0.033333
flower 0.468125 0.236250 0.086250 0.059167
flower 0.410625 0.239583 0.018750 0.015833
flower 0.659375 0.213333 0.066250 0.043333
flower 0.751250 0.185417 0.090000 0.070833
flower 0.726875 0.135833 0.036250 0.030000
flower 0.770000 0.255833 0.020000 0.010000
flower 0.119375 0.673750 0.043750 0.029167
flower 0.205000 0.484167 0.047500 0.023333
flower 0.124375 0.118750 0.021250 0.015833
leaf 0.131250 0.262083 0.022500 0.017500
leaf 0.096875 0.306667 0.041250 0.036667
leaf 0.140000 0.382500 0.052500 0.031667
leaf 0.079375 0.440833 0.061250 0.045000
leaf 0.129375 0.503750 0.073750 0.064167
leaf 0.172500 0.621250 0.040000 0.045833
leaf 0.326875 0.792083 0.043750 0.032500
leaf 0.491250 0.720000 0.060000 0.083333
leaf 0.426875 0.661667 0.053750 0.071667
leaf 0.562500 0.668750 0.032500 0.019167
leaf 0.340625 0.604167 0.028750 0.028333
leaf 0.261875 0.575417 0.026250 0.015833
leaf 0.624375 0.625417 0.021250 0.027500
leaf 0.681875 0.620417 0.073750 0.070833
leaf 0.460625 0.593750 0.041250 0.050833
leaf 0.420625 0.547083 0.038750 0.027500
leaf 0.596250 0.544167 0.072500 0.031667
leaf 0.686250 0.540417 0.100000 0.067500
leaf 0.713750 0.445000 0.037500 0.018333
leaf 0.708125 0.421250 0.083750 0.030833
leaf 0.465000 0.481250 0.045000 0.025833
flower 0.516250 0.362500 0.037500 0.028333
flower 0.616250 0.387917 0.027500 0.032500
leaf 0.712500 0.347917 0.062500 0.024167
leaf 0.672500 0.277083 0.040000 0.040833
leaf 0.453750 0.369167 0.032500 0.015000
stem 0.111250 0.182083 0.037500 0.042500
stem 0.096875 0.255000 0.041250 0.073333
stem 0.148750 0.329583 0.075000 0.062500
stem 0.150000 0.565833 0.020000 0.065000
stem 0.180000 0.680417 0.052500 0.067500
stem 0.155000 0.728750 0.070000 0.070833
stem 0.234375 0.767500 0.136250 0.061667
stem 0.449375 0.716667 0.026250 0.053333
stem 0.425000 0.801250 0.147500 0.064167
stem 0.546250 0.704583 0.055000 0.044167
stem 0.682500 0.676250 0.020000 0.065833
stem 0.368125 0.642917 0.068750 0.050833
stem 0.301250 0.591667 0.047500 0.043333
stem 0.334375 0.570833 0.016250 0.051667
stem 0.246250 0.530000 0.062500 0.073333
stem 0.519375 0.576667 0.073750 0.050000
stem 0.617500 0.508750 0.060000 0.035833
stem 0.751875 0.485833 0.128750 0.050000
stem 0.395000 0.469583 0.100000 0.119167
stem 0.297500 0.425417 0.080000 0.040833
stem 0.415625 0.393333 0.051250 0.060000
stem 0.513750 0.417917 0.165000 0.097500
stem 0.664375 0.360417 0.058750 0.082500
stem 0.456875 0.312083 0.068750 0.085833
stem 0.716875 0.312500 0.071250 0.041667
stem 0.728125 0.278333 0.063750 0.068333
stem 0.826250 0.448333 0.037500 0.026667
stem 0.646250 0.246667 0.030000 0.030000
leaf 0.038750 0.232500 0.042500 0.028333
leaf 0.518125 0.841667 0.101250 0.051667
