flower 0.270625 0.179167 0.036250 0.021667
flower 0.378125 0.153750 0.061250 0.034167
flower 0.427500 0.128333 0.052500 0.040000
flower 0.362500 0.109583 0.080000 0.032500
flower 0.315625 0.076667 0.073750 0.030000
flower 0.221250 0.156250 0.037500 0.039167
flower 0.216250 0.125000 0.040000 0.026667
flower 0.238750 0.090417 0.032500 0.025833
leaf 0.322500 0.151667 0.050000 0.026667
leaf 0.681250 0.148750 0.585000 0.255833
leaf 0.571250 0.565000 0.762500 0.573333
stem 0.126875 0.177917 0.101250 0.232500
stem 0.315000 0.237500 0.127500 0.086667
stem 0.789375 0.781250 0.048750 0.037500
