flower 0.745625 0.118750 0.063750 0.039167
flower 0.675000 0.150000 0.045000 0.036667
flower 0.408125 0.436250 0.061250 0.037500
leaf 0.439375 0.787917 0.443750 0.227500
leaf 0.696250 0.644167 0.170000 0.098333
leaf 0.549375 0.583333 0.253750 0.160000
leaf 0.876875 0.645000 0.238750 0.200000
leaf 0.800625 0.490000 0.228750 0.136667
leaf 0.269375 0.346250 0.288750 0.277500
leaf 0.768125 0.268333 0.288750 0.155000
leaf 0.829375 0.119583 0.283750 0.164167
leaf 0.473125 0.184583 0.301250 0.179167
leaf 0.531250 0.059167 0.230000 0.116667
stem 0.641875 0.176250 0.031250 0.062500
stem 0.685000 0.123750 0.047500 0.015833
stem 0.613125 0.321250 0.026250 0.045833
stem 0.486875 0.415417 0.163750 0.020833
stem 0.639375 0.482083 0.048750 0.072500
stem 0.756250 0.675417 0.022500 0.040833
stem 0.786250 0.780833 0.120000 0.065000
leaf 0.527500 0.340000 0.180000 0.138333
leaf 0.590000 0.408333 0.092500 0.076667
leaf 0.694375 0.737500 0.143750 0.088333
