flower 0.693750 0.196250 0.180000 0.190833
flower 0.379375 0.146250 0.118750 0.190833
flower 0.384375 0.565000 0.143750 0.150000
leaf 0.848750 0.282500 0.197500 0.315000
leaf 0.673125 0.309167 0.126250 0.121667
leaf 0.510625 0.393333 0.341250 0.136667
leaf 0.353750 0.242083 0.245000 0.257500
leaf 0.171250 0.436667 0.277500 0.191667
flower 0.736250 0.610417 0.102500 0.125833
leaf 0.481250 0.690833 0.205000 0.145000
leaf 0.611250 0.743333 0.130000 0.080000
leaf 0.354375 0.772500 0.258750 0.128333
stem 0.346250 0.438750 0.167500 0.089167
stem 0.451250 0.471667 0.112500 0.030000
stem 0.808125 0.460000 0.033750 0.023333
stem 0.710000 0.403333 0.057500 0.060000
leaf 0.643750 0.836667 0.130000 0.073333
leaf 0.568750 0.908333 0.092500 0.125000
stem 0.517500 0.851250 0.057500 0.110833
