flower 0.684375 0.207500 0.061250 0.021667
flower 0.772500 0.184583 0.042500 0.014167
leaf 0.616875 0.147917 0.208750 0.140833
leaf 0.570625 0.274583 0.251250 0.120833
leaf 0.836875 0.136250 0.238750 0.109167
leaf 0.752500 0.305833 0.087500 0.048333
leaf 0.616250 0.373750 0.082500 0.082500
leaf 0.685000 0.681667 0.047500 0.023333
stem 0.796875 0.713750 0.178750 0.160833
stem 0.908125 0.595833 0.053750 0.066667
stem 0.666875 0.578750 0.056250 0.034167
stem 0.629375 0.690833 0.053750 0.025000
stem 0.736875 0.586250 0.031250 0.095833
stem 0.765625 0.437083 0.011250 0.055833
stem 0.385000 0.546667 0.042500 0.030000
stem 0.350625 0.522917 0.031250 0.035833
stem 0.808750 0.300417 0.020000 0.047500
stem 0.788750 0.347083 0.032500 0.054167
stem 0.698125 0.373750 0.076250 0.064167
leaf 0.797500 0.239583 0.197500 0.095833
leaf 0.528125 0.541667 0.236250 0.130000
leaf 0.503125 0.669167 0.268750 0.126667
leaf 0.271250 0.559583 0.270000 0.167500
leaf 0.276875 0.387917 0.241250 0.177500
leaf 0.118125 0.458750 0.181250 0.105833
leaf 0.679375 0.632917 0.083750 0.050833
leaf 0.768750 0.587500 0.142500 0.091667
leaf 0.859375 0.590000 0.036250 0.043333
leaf 0.820625 0.508333 0.271250 0.121667
leaf 0.843750 0.417500 0.182500 0.090000
