flower 0.328750 0.128750 0.075000 0.052500
flower 0.403125 0.125417 0.071250 0.037500
flower 0.738750 0.175417 0.062500 0.052500
flower 0.678125 0.155000 0.068750 0.045000
flower 0.451875 0.188333 0.063750 0.050000
flower 0.615625 0.217917 0.058750 0.059167
flower 0.567500 0.199167 0.055000 0.063333
flower 0.506250 0.195833 0.075000 0.061667
leaf 0.427500 0.623333 0.170000 0.173333
leaf 0.699375 0.505417 0.288750 0.129167
leaf 0.646250 0.330417 0.260000 0.192500
leaf 0.383125 0.311667 0.256250 0.220000
stem 0.381875 0.179167 0.043750 0.041667
stem 0.660000 0.204583 0.030000 0.024167
stem 0.511875 0.493333 0.051250 0.130000
stem 0.531875 0.657083 0.033750 0.187500
