flower 0.355000 0.320833 0.042500 0.021667
flower 0.350000 0.205000 0.030000 0.015000
flower 0.481875 0.176250 0.021250 0.022500
flower 0.470000 0.132500 0.027500 0.018333
flower 0.599375 0.252500 0.021250 0.018333
flower 0.676250 0.245833 0.040000 0.021667
flower 0.708750 0.417917 0.035000 0.022500
flower 0.759375 0.562500 0.026250 0.028333
flower 0.693750 0.638333 0.040000 0.020000
flower 0.686875 0.615417 0.043750 0.029167
flower 0.641250 0.738750 0.017500 0.009167
leaf 0.486875 0.118333 0.036250 0.038333
leaf 0.453750 0.149583 0.070000 0.025833
leaf 0.374375 0.202083 0.038750 0.020833
leaf 0.323125 0.212500 0.028750 0.038333
leaf 0.379375 0.322083 0.018750 0.022500
leaf 0.328125 0.312917 0.043750 0.012500
leaf 0.663125 0.275000 0.046250 0.033333
leaf 0.618125 0.275000 0.038750 0.033333
leaf 0.734375 0.396250 0.051250 0.070833
leaf 0.703750 0.512083 0.052500 0.045833
leaf 0.752500 0.512500 0.072500 0.031667
leaf 0.733750 0.595833 0.062500 0.048333
leaf 0.660625 0.686250 0.111250 0.077500
leaf 0.626875 0.762500 0.161250 0.071667
stem 0.726875 0.463333 0.036250 0.066667
stem 0.795000 0.483333 0.050000 0.020000
stem 0.673125 0.340833 0.056250 0.098333
stem 0.563125 0.200833 0.108750 0.085000
stem 0.385625 0.160000 0.073750 0.028333
stem 0.376250 0.254583 0.072500 0.084167
stem 0.365000 0.357083 0.077500 0.050833
stem 0.536875 0.829583 0.026250 0.035833
