fruit 0.326875 0.518333 0.123750 0.066667
fruit 0.271250 0.470417 0.097500 0.070833
fruit 0.358750 0.115417 0.145000 0.114167
leaf 0.599375 0.222083 0.101250 0.044167
leaf 0.585625 0.270000 0.081250 0.056667
leaf 0.306875 0.164583 0.053750 0.054167
leaf 0.346875 0.271250 0.111250 0.060833
leaf 0.325625 0.352083 0.148750 0.077500
leaf 0.842500 0.423333 0.130000 0.046667
leaf 0.558125 0.398750 0.136250 0.094167
leaf 0.445625 0.303333 0.091250 0.090000
leaf 0.383125 0.718333 0.151250 0.066667
leaf 0.554375 0.776250 0.193750 0.074167
stem 0.780000 0.647083 0.255000 0.344167
stem 0.561250 0.596250 0.157500 0.284167
stem 0.683125 0.297500 0.106250 0.081667
stem 0.156875 0.144583 0.246250 0.167500
stem 0.384375 0.227917 0.271250 0.035833
