flower 0.883125 0.452083 0.056250 0.027500
flower 0.908750 0.465417 0.032500 0.054167
flower 0.938750 0.492500 0.092500 0.076667
leaf 0.688750 0.420833 0.072500 0.061667
leaf 0.868750 0.458333 0.112500 0.093333
leaf 0.606250 0.517500 0.030000 0.031667
leaf 0.625000 0.371250 0.145000 0.099167
leaf 0.445625 0.192083 0.081250 0.075833
stem 0.668750 0.200833 0.372500 0.248333
stem 0.318125 0.383750 0.443750 0.302500
stem 0.750625 0.528750 0.283750 0.050833
stem 0.322500 0.620000 0.610000 0.165000
leaf 0.130000 0.716250 0.092500 0.039167
stem 0.601875 0.458750 0.098750 0.069167
