leaf 0.126875 0.077083 0.243750 0.152500
leaf 0.865000 0.159167 0.105000 0.095000
leaf 0.876250 0.227500 0.157500 0.080000
leaf 0.621250 0.155417 0.270000 0.104167
leaf 0.407500 0.170417 0.135000 0.085833
leaf 0.350000 0.232500 0.170000 0.095000
leaf 0.542500 0.255417 0.130000 0.070833
leaf 0.191875 0.282500 0.156250 0.095000
leaf 0.118125 0.356250 0.178750 0.045833
leaf 0.811875 0.330417 0.148750 0.100833
leaf 0.647500 0.336250 0.132500 0.180833
leaf 0.507500 0.363333 0.155000 0.110000
leaf 0.260625 0.410417 0.148750 0.055833
leaf 0.783750 0.411667 0.177500 0.070000
leaf 0.882500 0.488333 0.177500 0.158333
leaf 0.789375 0.627083 0.088750 0.039167
leaf 0.660625 0.507500 0.196250 0.110000
leaf 0.533750 0.500000 0.112500 0.058333
leaf 0.392500 0.536667 0.165000 0.080000
leaf 0.258125 0.468333 0.108750 0.048333
leaf 0.228125 0.510417 0.166250 0.057500
leaf 0.254375 0.568750 0.148750 0.054167
leaf 0.353750 0.630833 0.090000 0.085000
leaf 0.637500 0.632917 0.137500 0.054167
leaf 0.415625 0.715833 0.091250 0.043333
leaf 0.176250 0.740417 0.242500 0.079167
fruit 0.730000 0.742083 0.050000 0.027500
fruit 0.774375 0.740000 0.026250 0.038333
flower 0.698750 0.588750 0.037500 0.015833
flower 0.755000 0.518750 0.040000 0.027500
flower 0.730625 0.537917 0.016250 0.014167
flower 0.739375 0.569167 0.038750 0.011667
flower 0.607500 0.447083 0.022500 0.010833
flower 0.771250 0.241667 0.012500 0.016667
flower 0.783125 0.216667 0.021250 0.018333
stem 0.220625 0.188333 0.076250 0.091667
stem 0.458750 0.259583 0.050000 0.080833
stem 0.343125 0.331250 0.171250 0.087500
stem 0.871875 0.269583 0.078750 0.027500
stem 0.813125 0.244167 0.033750 0.035000
stem 0.401875 0.434167 0.123750 0.125000
stem 0.667500 0.442917 0.040000 0.037500
stem 0.543125 0.447500 0.061250 0.045000
stem 0.375625 0.576667 0.078750 0.026667
stem 0.524375 0.571250 0.176250 0.087500
stem 0.793750 0.542500 0.037500 0.065000
stem 0.773750 0.582500 0.027500 0.035000
stem 0.723750 0.648750 0.035000 0.045833
stem 0.597500 0.725833 0.197500 0.125000
leaf 0.670000 0.066250 0.122500 0.130833
leaf 0.087500 0.303333 0.130000 0.063333
leaf 0.396250 0.816250 0.200000 0.149167
leaf 0.206875 0.830833 0.203750 0.105000
stem 0.748125 0.839583 0.116250 0.147500
