fruit 0.166875 0.559167 0.181250 0.183333
leaf 0.176875 0.102917 0.143750 0.087500
leaf 0.140625 0.167917 0.111250 0.112500
leaf 0.162500 0.322500 0.160000 0.166667
leaf 0.306875 0.388333 0.193750 0.138333
leaf 0.370625 0.486250 0.123750 0.109167
leaf 0.420000 0.656667 0.170000 0.093333
leaf 0.568125 0.737083 0.163750 0.102500
leaf 0.755000 0.580000 0.120000 0.141667
leaf 0.610000 0.605417 0.207500 0.162500
leaf 0.631875 0.361250 0.113750 0.130833
leaf 0.811875 0.347917 0.226250 0.125833
leaf 0.687500 0.271250 0.212500 0.077500
leaf 0.453125 0.272500 0.203750 0.081667
leaf 0.434375 0.185000 0.188750 0.096667
leaf 0.266250 0.225000 0.132500 0.160000
leaf 0.347500 0.114583 0.195000 0.057500
stem 0.350625 0.079167 0.178750 0.015000
stem 0.500000 0.111667 0.092500 0.046667
stem 0.602500 0.176667 0.145000 0.110000
stem 0.232500 0.300833 0.052500 0.036667
stem 0.194375 0.245000 0.018750 0.065000
stem 0.896250 0.522083 0.165000 0.220833
stem 0.464375 0.536250 0.091250 0.075833
stem 0.764375 0.698750 0.083750 0.100833
