fruit 0.680625 0.227917 0.041250 0.030833
fruit 0.735000 0.374167 0.050000 0.036667
fruit 0.671875 0.321667 0.046250 0.040000
fruit 0.165625 0.278333 0.031250 0.020000
fruit 0.516250 0.533750 0.055000 0.032500
fruit 0.471250 0.518750 0.050000 0.037500
leaf 0.766875 0.167083 0.153750 0.150833
leaf 0.548125 0.206250 0.243750 0.160833
leaf 0.171875 0.118333 0.131250 0.135000
leaf 0.110625 0.212917 0.146250 0.059167
leaf 0.273125 0.242500 0.208750 0.188333
leaf 0.840000 0.355417 0.170000 0.134167
leaf 0.587500 0.345000 0.192500 0.153333
leaf 0.465000 0.552500 0.045000 0.028333
leaf 0.368125 0.474583 0.313750 0.242500
leaf 0.661875 0.596667 0.306250 0.160000
leaf 0.284375 0.634583 0.321250 0.167500
stem 0.481250 0.667917 0.047500 0.209167
stem 0.719375 0.412917 0.051250 0.039167
stem 0.704375 0.321250 0.033750 0.122500
stem 0.688125 0.279167 0.028750 0.045000
stem 0.151250 0.335833 0.040000 0.090000
