flower 0.222500 0.677083 0.040000 0.029167
flower 0.390000 0.622500 0.077500 0.030000
flower 0.457500 0.562500 0.077500 0.086667
flower 0.276875 0.581667 0.083750 0.036667
flower 0.246250 0.618333 0.075000 0.036667
flower 0.178750 0.639167 0.072500 0.076667
fruit 0.852500 0.315417 0.177500 0.152500
fruit 0.541250 0.189167 0.822500 0.085000
leaf 0.730000 0.227083 0.212500 0.059167
leaf 0.357500 0.081250 0.277500 0.160833
leaf 0.810000 0.637917 0.095000 0.109167
leaf 0.462500 0.731250 0.125000 0.100833
leaf 0.318750 0.692917 0.150000 0.104167
leaf 0.645625 0.585417 0.141250 0.127500
leaf 0.273750 0.491250 0.297500 0.205833
leaf 0.560000 0.451250 0.192500 0.157500
leaf 0.503125 0.286667 0.183750 0.251667
leaf 0.160625 0.215833 0.201250 0.165000
leaf 0.543750 0.558333 0.037500 0.018333
stem 0.564375 0.560000 0.028750 0.065000
stem 0.212500 0.711250 0.070000 0.034167
stem 0.710625 0.460833 0.106250 0.120000
leaf 0.166250 0.374167 0.185000 0.148333
leaf 0.350000 0.280000 0.182500 0.218333
leaf 0.563125 0.638750 0.153750 0.117500
leaf 0.450625 0.636250 0.096250 0.092500
leaf 0.330000 0.610417 0.100000 0.074167
