fruit 0.203125 0.610000 0.066250 0.050000
fruit 0.323750 0.578750 0.125000 0.040833
fruit 0.385000 0.553333 0.085000 0.033333
fruit 0.249375 0.505833 0.126250 0.035000
fruit 0.263125 0.442083 0.078750 0.037500
leaf 0.478125 0.206250 0.088750 0.039167
leaf 0.490000 0.298750 0.032500 0.059167
leaf 0.567500 0.147083 0.042500 0.100833
leaf 0.618125 0.102917 0.083750 0.070833
leaf 0.648125 0.216667 0.063750 0.153333
leaf 0.687500 0.330833 0.107500 0.111667
leaf 0.619375 0.335417 0.073750 0.174167
leaf 0.721875 0.618750 0.196250 0.232500
leaf 0.596250 0.595833 0.092500 0.265000
stem 0.516875 0.762917 0.143750 0.074167
leaf 0.647500 0.753333 0.145000 0.030000
leaf 0.643750 0.801667 0.112500 0.060000
leaf 0.391250 0.474583 0.042500 0.022500
leaf 0.368125 0.335000 0.018750 0.036667
stem 0.418125 0.274583 0.071250 0.082500
stem 0.442500 0.405000 0.095000 0.101667
stem 0.317500 0.392083 0.085000 0.052500
stem 0.370000 0.512083 0.082500 0.049167
leaf 0.498750 0.685417 0.130000 0.062500
root 0.558125 0.824583 0.178750 0.095833
