flower 0.409375 0.119583 0.106250 0.064167
flower 0.330000 0.135833 0.050000 0.021667
flower 0.388750 0.164583 0.047500 0.027500
flower 0.361875 0.196250 0.028750 0.035833
flower 0.330625 0.208750 0.028750 0.014167
flower 0.298750 0.216250 0.055000 0.020833
flower 0.318125 0.239167 0.021250 0.011667
flower 0.346250 0.233750 0.017500 0.019167
flower 0.752500 0.083333 0.100000 0.050000
flower 0.830625 0.082917 0.096250 0.054167
flower 0.880625 0.120833 0.061250 0.061667
leaf 0.310625 0.305000 0.058750 0.026667
leaf 0.358125 0.321667 0.048750 0.040000
leaf 0.354375 0.452083 0.043750 0.040833
leaf 0.533125 0.748750 0.038750 0.030833
leaf 0.570000 0.672917 0.050000 0.050833
leaf 0.560000 0.567500 0.052500 0.061667
leaf 0.598125 0.542500 0.046250 0.051667
leaf 0.578750 0.495000 0.045000 0.056667
leaf 0.636250 0.504167 0.092500 0.040000
leaf 0.746250 0.514167 0.037500 0.051667
leaf 0.780625 0.477083 0.043750 0.054167
leaf 0.744375 0.427917 0.071250 0.047500
leaf 0.785625 0.437083 0.033750 0.047500
leaf 0.797500 0.402500 0.035000 0.033333
leaf 0.792500 0.368333 0.045000 0.040000
leaf 0.828125 0.380833 0.031250 0.025000
leaf 0.820625 0.330417 0.053750 0.049167
leaf 0.802500 0.289583 0.057500 0.029167
leaf 0.801250 0.209583 0.025000 0.030833
leaf 0.790625 0.154583 0.023750 0.012500
leaf 0.816875 0.160000 0.028750 0.013333
flower 0.782500 0.128750 0.025000 0.024167
leaf 0.338125 0.187500 0.028750 0.028333
leaf 0.638125 0.300833 0.068750 0.045000
leaf 0.622500 0.342083 0.057500 0.042500
leaf 0.696250 0.459583 0.040000 0.075833
leaf 0.641250 0.453750 0.077500 0.054167
leaf 0.663750 0.400833 0.062500 0.065000
stem 0.334375 0.271250 0.016250 0.042500
stem 0.800625 0.181667 0.016250 0.033333
stem 0.801875 0.250833 0.023750 0.055000
stem 0.760625 0.493333 0.008750 0.030000
stem 0.770625 0.689583 0.056250 0.290833
stem 0.690625 0.530000 0.016250 0.086667
stem 0.653750 0.663333 0.082500 0.176667
stem 0.635000 0.546250 0.020000 0.032500
stem 0.600000 0.610000 0.040000 0.073333
stem 0.543750 0.712917 0.022500 0.042500
stem 0.546875 0.625417 0.036250 0.052500
stem 0.440000 0.582083 0.170000 0.215833
stem 0.355625 0.385000 0.028750 0.095000
stem 0.338125 0.273333 0.013750 0.036667
stem 0.191875 0.455833 0.133750 0.688333
stem 0.364375 0.750417 0.198750 0.035833
