flower 0.233750 0.376667 0.030000 0.010000
flower 0.170000 0.420833 0.015000 0.011667
flower 0.259375 0.415417 0.023750 0.019167
flower 0.246250 0.390000 0.017500 0.013333
flower 0.521250 0.470833 0.010000 0.015000
flower 0.720000 0.389167 0.015000 0.013333
flower 0.706875 0.477500 0.021250 0.013333
flower 0.596875 0.183750 0.013750 0.014167
flower 0.726875 0.152917 0.018750 0.010833
flower 0.320625 0.161250 0.013750 0.007500
flower 0.592500 0.115000 0.022500 0.016667
flower 0.582500 0.108750 0.022500 0.014167
leaf 0.356875 0.574583 0.051250 0.044167
leaf 0.330000 0.616667 0.065000 0.040000
leaf 0.366875 0.738333 0.051250 0.038333
leaf 0.422500 0.751250 0.065000 0.035833
leaf 0.471875 0.751667 0.048750 0.036667
leaf 0.482500 0.725833 0.025000 0.018333
leaf 0.518125 0.712917 0.043750 0.040833
leaf 0.722500 0.635000 0.057500 0.050000
leaf 0.616875 0.590833 0.038750 0.035000
leaf 0.577500 0.592083 0.052500 0.037500
leaf 0.623750 0.549167 0.052500 0.041667
leaf 0.665625 0.591250 0.051250 0.035833
leaf 0.721250 0.570833 0.080000 0.055000
leaf 0.785000 0.511667 0.052500 0.023333
leaf 0.459375 0.398333 0.046250 0.030000
leaf 0.495000 0.507500 0.042500 0.061667
leaf 0.558125 0.488750 0.091250 0.060833
leaf 0.534375 0.447500 0.043750 0.030000
leaf 0.501250 0.441250 0.040000 0.039167
leaf 0.215000 0.495000 0.050000 0.046667
leaf 0.237500 0.465833 0.040000 0.028333
leaf 0.298125 0.455000 0.041250 0.043333
leaf 0.265000 0.440000 0.030000 0.030000
leaf 0.167500 0.429167 0.047500 0.055000
leaf 0.215625 0.428750 0.071250 0.037500
leaf 0.283750 0.397083 0.067500 0.029167
leaf 0.201250 0.396250 0.057500 0.034167
leaf 0.296250 0.368333 0.067500 0.030000
leaf 0.228125 0.369167 0.061250 0.025000
leaf 0.747500 0.460417 0.045000 0.034167
leaf 0.683125 0.437500 0.071250 0.048333
leaf 0.736250 0.416250 0.045000 0.032500
leaf 0.838750 0.408333 0.047500 0.045000
leaf 0.783125 0.385833 0.101250 0.035000
leaf 0.690000 0.402083 0.045000 0.024167
leaf 0.688125 0.377917 0.051250 0.034167
leaf 0.649375 0.372083 0.033750 0.027500
leaf 0.807500 0.300417 0.027500 0.022500
flower 0.707500 0.214583 0.012500 0.010833
flower 0.623125 0.209583 0.011250 0.012500
flower 0.659375 0.303750 0.013750 0.007500
leaf 0.681875 0.288333 0.043750 0.026667
leaf 0.586875 0.207083 0.046250 0.029167
leaf 0.410625 0.215000 0.043750 0.033333
leaf 0.203750 0.205000 0.047500 0.036667
leaf 0.281250 0.207917 0.077500 0.032500
leaf 0.351250 0.183333 0.052500 0.040000
leaf 0.287500 0.170833 0.065000 0.035000
leaf 0.682500 0.228750 0.042500 0.040833
leaf 0.705000 0.191667 0.035000 0.023333
leaf 0.791875 0.173750 0.056250 0.039167
leaf 0.802500 0.128750 0.082500 0.037500
leaf 0.705000 0.148750 0.035000 0.024167
leaf 0.651250 0.180000 0.020000 0.023333
leaf 0.673125 0.152500 0.038750 0.035000
leaf 0.596875 0.165417 0.086250 0.050833
leaf 0.637500 0.138333 0.035000 0.036667
leaf 0.658750 0.095833 0.055000 0.033333
leaf 0.603750 0.090417 0.057500 0.027500
leaf 0.561875 0.111667 0.041250 0.035000
leaf 0.409375 0.173333 0.056250 0.026667
leaf 0.408125 0.144167 0.078750 0.031667
leaf 0.275625 0.134167 0.063750 0.028333
leaf 0.343125 0.098333 0.061250 0.033333
flower 0.459375 0.087917 0.016250 0.012500
leaf 0.425625 0.098333 0.063750 0.045000
leaf 0.482500 0.083750 0.055000 0.037500
stem 0.323750 0.677083 0.347500 0.082500
stem 0.575625 0.658333 0.158750 0.070000
stem 0.272500 0.536667 0.075000 0.126667
stem 0.489375 0.562500 0.131250 0.048333
stem 0.780625 0.554583 0.038750 0.049167
stem 0.765625 0.488333 0.068750 0.020000
stem 0.846250 0.463333 0.125000 0.061667
stem 0.792500 0.422083 0.055000 0.027500
stem 0.462500 0.475833 0.022500 0.116667
stem 0.626875 0.346667 0.018750 0.106667
stem 0.652500 0.332500 0.070000 0.053333
stem 0.746875 0.275833 0.091250 0.045000
stem 0.854375 0.286250 0.063750 0.014167
stem 0.636875 0.255000 0.048750 0.071667
flower 0.373750 0.416250 0.022500 0.010833
stem 0.401875 0.320000 0.063750 0.173333
stem 0.468125 0.314167 0.071250 0.045000
stem 0.346250 0.219167 0.040000 0.033333
stem 0.658750 0.205833 0.032500 0.025000
stem 0.731875 0.170000 0.071250 0.021667
stem 0.254375 0.229167 0.061250 0.005000
