fruit 0.590625 0.353750 0.056250 0.049167
fruit 0.448750 0.335833 0.040000 0.025000
fruit 0.624375 0.319167 0.038750 0.023333
fruit 0.604375 0.285417 0.078750 0.035833
fruit 0.541875 0.309167 0.058750 0.045000
fruit 0.504375 0.275000 0.116250 0.046667
fruit 0.805000 0.508750 0.077500 0.044167
fruit 0.871250 0.501667 0.057500 0.050000
fruit 0.880000 0.534583 0.035000 0.020833
fruit 0.843125 0.550000 0.071250 0.043333
leaf 0.326875 0.214167 0.208750 0.275000
leaf 0.151250 0.304583 0.240000 0.084167
leaf 0.214375 0.410000 0.246250 0.113333
leaf 0.739375 0.483333 0.123750 0.123333
leaf 0.822500 0.612083 0.140000 0.104167
stem 0.537500 0.349167 0.065000 0.038333
stem 0.423750 0.649583 0.485000 0.340833
stem 0.441250 0.422083 0.165000 0.114167
