leaf 0.551875 0.109583 0.033750 0.049167
leaf 0.599375 0.175000 0.063750 0.066667
leaf 0.521250 0.179583 0.082500 0.064167
leaf 0.534375 0.245833 0.108750 0.063333
leaf 0.426250 0.225000 0.060000 0.056667
leaf 0.416250 0.150000 0.135000 0.115000
leaf 0.311250 0.150833 0.092500 0.065000
leaf 0.333125 0.224583 0.073750 0.067500
leaf 0.303750 0.298750 0.117500 0.054167
leaf 0.168750 0.277083 0.120000 0.137500
leaf 0.522500 0.302500 0.065000 0.028333
leaf 0.446250 0.292500 0.072500 0.086667
leaf 0.846250 0.242917 0.097500 0.109167
leaf 0.874375 0.312917 0.083750 0.045833
leaf 0.740625 0.286667 0.108750 0.093333
leaf 0.640000 0.345833 0.152500 0.075000
leaf 0.668750 0.410000 0.087500 0.043333
leaf 0.481250 0.377083 0.122500 0.084167
leaf 0.349375 0.402083 0.103750 0.120833
leaf 0.195625 0.490417 0.068750 0.067500
leaf 0.324375 0.489167 0.123750 0.048333
leaf 0.428750 0.492500 0.097500 0.078333
leaf 0.653750 0.498750 0.085000 0.090833
leaf 0.548750 0.473333 0.132500 0.125000
leaf 0.592500 0.567917 0.140000 0.057500
leaf 0.361875 0.521667 0.041250 0.020000
leaf 0.560625 0.610417 0.081250 0.029167
leaf 0.429375 0.635833 0.063750 0.075000
leaf 0.383750 0.557500 0.085000 0.058333
stem 0.635625 0.255417 0.081250 0.102500
stem 0.182500 0.400833 0.077500 0.113333
stem 0.787500 0.535000 0.147500 0.406667
stem 0.268125 0.595000 0.148750 0.156667
stem 0.563750 0.749583 0.077500 0.244167
leaf 0.475625 0.574167 0.091250 0.093333
