fruit 0.381250 0.647500 0.035000 0.015000
fruit 0.723750 0.572083 0.027500 0.012500
fruit 0.638750 0.268750 0.027500 0.017500
leaf 0.828125 0.282500 0.136250 0.078333
leaf 0.645000 0.327083 0.147500 0.079167
leaf 0.665000 0.244583 0.040000 0.047500
leaf 0.770625 0.221667 0.118750 0.096667
leaf 0.676250 0.163333 0.187500 0.113333
leaf 0.882500 0.144583 0.142500 0.085833
leaf 0.722500 0.079167 0.092500 0.056667
leaf 0.859375 0.075833 0.201250 0.116667
leaf 0.181250 0.094167 0.085000 0.086667
leaf 0.082500 0.199167 0.147500 0.075000
leaf 0.286250 0.175000 0.172500 0.063333
leaf 0.422500 0.175000 0.105000 0.088333
leaf 0.448750 0.239583 0.160000 0.054167
leaf 0.478750 0.288750 0.180000 0.095833
leaf 0.225000 0.245833 0.065000 0.088333
leaf 0.312500 0.315000 0.175000 0.075000
leaf 0.541250 0.388750 0.137500 0.080833
leaf 0.423125 0.383333 0.121250 0.056667
leaf 0.871250 0.512500 0.170000 0.080000
leaf 0.666875 0.506667 0.233750 0.121667
leaf 0.854375 0.605417 0.173750 0.107500
leaf 0.919375 0.743750 0.081250 0.057500
leaf 0.790625 0.720000 0.091250 0.080000
leaf 0.764375 0.652500 0.061250 0.061667
leaf 0.673125 0.621667 0.098750 0.070000
leaf 0.500000 0.814167 0.077500 0.078333
leaf 0.159375 0.733333 0.106250 0.050000
leaf 0.427500 0.713333 0.110000 0.070000
leaf 0.495000 0.664167 0.195000 0.065000
leaf 0.523125 0.594167 0.146250 0.055000
leaf 0.270625 0.656667 0.128750 0.061667
leaf 0.085625 0.657500 0.076250 0.078333
leaf 0.165625 0.654583 0.093750 0.105833
leaf 0.251250 0.592917 0.182500 0.074167
leaf 0.057500 0.573750 0.100000 0.079167
leaf 0.170000 0.484583 0.117500 0.087500
leaf 0.348750 0.467500 0.087500 0.101667
stem 0.180000 0.243333 0.032500 0.210000
stem 0.326250 0.257500 0.080000 0.028333
stem 0.178125 0.389583 0.253750 0.095833
stem 0.309375 0.532083 0.036250 0.062500
stem 0.291250 0.743333 0.170000 0.113333
stem 0.657500 0.732083 0.175000 0.129167
stem 0.893125 0.702500 0.118750 0.033333
stem 0.740625 0.617083 0.013750 0.089167
stem 0.621250 0.611250 0.020000 0.109167
stem 0.850000 0.391250 0.265000 0.137500
stem 0.661875 0.379167 0.123750 0.025000
stem 0.780000 0.160000 0.027500 0.036667
leaf 0.564375 0.849583 0.108750 0.045833
leaf 0.408750 0.585833 0.130000 0.143333
leaf 0.473750 0.463333 0.160000 0.100000
stem 0.413125 0.827083 0.088750 0.050833
