flower 0.436875 0.260417 0.036250 0.022500
flower 0.776875 0.397917 0.106250 0.069167
flower 0.526875 0.515833 0.118750 0.073333
flower 0.398125 0.733333 0.101250 0.036667
leaf 0.527500 0.185833 0.327500 0.156667
leaf 0.245625 0.182083 0.248750 0.099167
leaf 0.240625 0.301250 0.236250 0.197500
flower 0.345625 0.367917 0.021250 0.019167
flower 0.218750 0.459583 0.037500 0.022500
leaf 0.125000 0.461667 0.217500 0.116667
leaf 0.380000 0.444167 0.290000 0.216667
leaf 0.654375 0.367083 0.108750 0.120833
leaf 0.828125 0.597917 0.173750 0.179167
leaf 0.374375 0.618750 0.151250 0.110833
stem 0.397500 0.320000 0.037500 0.101667
stem 0.625000 0.489167 0.072500 0.053333
stem 0.761875 0.481250 0.048750 0.060833
stem 0.326875 0.574167 0.026250 0.041667
stem 0.330625 0.698333 0.066250 0.043333
