flower 0.665625 0.691250 0.041250 0.044167
flower 0.655625 0.658333 0.046250 0.020000
flower 0.651875 0.623333 0.023750 0.030000
flower 0.620625 0.627500 0.048750 0.048333
flower 0.565000 0.586667 0.025000 0.020000
flower 0.842500 0.371250 0.017500 0.014167
flower 0.248750 0.230000 0.062500 0.036667
flower 0.230000 0.200000 0.027500 0.013333
flower 0.306875 0.369583 0.068750 0.054167
flower 0.357500 0.381250 0.095000 0.027500
flower 0.366250 0.355417 0.057500 0.037500
flower 0.348125 0.312917 0.098750 0.055833
flower 0.334375 0.278333 0.046250 0.050000
leaf 0.280000 0.091250 0.145000 0.134167
leaf 0.669375 0.123750 0.278750 0.145833
leaf 0.313125 0.239583 0.146250 0.115833
leaf 0.459375 0.274167 0.161250 0.165000
leaf 0.796875 0.212500 0.368750 0.181667
leaf 0.616875 0.298750 0.211250 0.175833
flower 0.501250 0.477500 0.015000 0.018333
leaf 0.365000 0.465000 0.202500 0.116667
leaf 0.556250 0.422917 0.167500 0.109167
leaf 0.341875 0.589583 0.291250 0.124167
leaf 0.346250 0.745000 0.385000 0.230000
leaf 0.657500 0.684167 0.215000 0.205000
leaf 0.687500 0.516250 0.370000 0.134167
leaf 0.884375 0.474167 0.081250 0.065000
leaf 0.801875 0.418333 0.081250 0.040000
stem 0.882500 0.334167 0.077500 0.056667
stem 0.806250 0.381667 0.052500 0.026667
stem 0.863125 0.377917 0.026250 0.062500
stem 0.510000 0.360000 0.232500 0.026667
stem 0.455625 0.392083 0.046250 0.070833
stem 0.501250 0.553750 0.017500 0.127500
stem 0.507500 0.613750 0.035000 0.145833
stem 0.552500 0.202500 0.112500 0.018333
stem 0.156875 0.145417 0.098750 0.092500
stem 0.362500 0.179167 0.130000 0.028333
stem 0.243750 0.169583 0.122500 0.024167
stem 0.221250 0.175417 0.052500 0.034167
stem 0.756875 0.409167 0.026250 0.025000
leaf 0.634375 0.437500 0.121250 0.036667
