fruit 0.393125 0.162500 0.098750 0.071667
fruit 0.658750 0.051250 0.145000 0.072500
stem 0.741875 0.192500 0.181250 0.218333
stem 0.856250 0.405417 0.042500 0.052500
stem 0.873125 0.484583 0.026250 0.107500
stem 0.527500 0.645833 0.047500 0.075000
leaf 0.459375 0.650833 0.086250 0.068333
leaf 0.840000 0.335000 0.065000 0.088333
leaf 0.815625 0.514167 0.113750 0.071667
leaf 0.856250 0.600000 0.127500 0.133333
leaf 0.870000 0.737500 0.205000 0.125000
leaf 0.542500 0.736250 0.065000 0.115833
flower 0.757500 0.400000 0.045000 0.026667
leaf 0.567500 0.848333 0.110000 0.116667
leaf 0.466875 0.934583 0.078750 0.027500
leaf 0.495000 0.562083 0.035000 0.094167
leaf 0.535000 0.528333 0.055000 0.136667
leaf 0.445625 0.524583 0.056250 0.025833
leaf 0.483125 0.342500 0.153750 0.265000
leaf 0.304375 0.292500 0.203750 0.128333
stem 0.687500 0.855000 0.125000 0.068333
stem 0.309375 0.900417 0.226250 0.060833
