flower 0.790000 0.258333 0.032500 0.025000
flower 0.436250 0.101250 0.025000 0.024167
flower 0.387500 0.093333 0.037500 0.008333
flower 0.360000 0.084167 0.037500 0.018333
leaf 0.858125 0.282500 0.091250 0.053333
leaf 0.785625 0.287500 0.046250 0.028333
leaf 0.806875 0.300000 0.048750 0.036667
leaf 0.750625 0.329167 0.056250 0.046667
leaf 0.715625 0.356250 0.038750 0.039167
leaf 0.845625 0.445833 0.066250 0.051667
leaf 0.809375 0.417917 0.058750 0.027500
leaf 0.775000 0.445833 0.025000 0.028333
leaf 0.654375 0.427083 0.073750 0.089167
leaf 0.525000 0.660000 0.042500 0.026667
leaf 0.568125 0.619167 0.028750 0.018333
leaf 0.533125 0.606667 0.028750 0.025000
leaf 0.481875 0.603333 0.051250 0.040000
leaf 0.436875 0.625417 0.036250 0.047500
leaf 0.567500 0.523333 0.215000 0.070000
leaf 0.402500 0.545000 0.067500 0.081667
leaf 0.438125 0.510000 0.088750 0.036667
leaf 0.453125 0.403750 0.118750 0.117500
leaf 0.354375 0.412500 0.086250 0.065000
leaf 0.378750 0.372500 0.052500 0.033333
leaf 0.257500 0.377917 0.097500 0.049167
flower 0.368750 0.371250 0.030000 0.020833
flower 0.381875 0.251667 0.031250 0.013333
flower 0.323125 0.280000 0.023750 0.016667
leaf 0.366250 0.312917 0.055000 0.035833
leaf 0.411875 0.268333 0.108750 0.078333
leaf 0.348750 0.279583 0.040000 0.044167
leaf 0.365000 0.200000 0.042500 0.026667
leaf 0.310625 0.195833 0.066250 0.040000
leaf 0.418125 0.158333 0.071250 0.041667
leaf 0.426250 0.120833 0.042500 0.025000
leaf 0.345625 0.078333 0.046250 0.030000
leaf 0.389375 0.095000 0.068750 0.036667
stem 0.386250 0.135000 0.025000 0.036667
stem 0.346250 0.237917 0.032500 0.040833
stem 0.408125 0.218333 0.016250 0.075000
stem 0.424375 0.329167 0.016250 0.038333
stem 0.368750 0.343750 0.012500 0.024167
stem 0.292500 0.397917 0.030000 0.030833
stem 0.703750 0.393333 0.040000 0.036667
stem 0.721250 0.460417 0.082500 0.007500
stem 0.607500 0.475417 0.052500 0.029167
stem 0.481250 0.480417 0.017500 0.052500
stem 0.406875 0.479167 0.013750 0.041667
stem 0.380625 0.469167 0.033750 0.065000
stem 0.450625 0.565833 0.021250 0.028333
stem 0.360625 0.602500 0.111250 0.028333
root 0.234375 0.665417 0.141250 0.117500
