flower 0.330625 0.159167 0.043750 0.036667
flower 0.316875 0.085833 0.076250 0.038333
flower 0.365000 0.073750 0.070000 0.034167
flower 0.824375 0.250833 0.051250 0.023333
flower 0.876250 0.235417 0.087500 0.029167
flower 0.865000 0.182083 0.047500 0.049167
flower 0.747500 0.160000 0.092500 0.046667
flower 0.810625 0.165833 0.103750 0.050000
leaf 0.505625 0.535000 0.091250 0.086667
leaf 0.641250 0.507500 0.077500 0.061667
leaf 0.834375 0.471250 0.111250 0.060833
leaf 0.223125 0.512500 0.118750 0.051667
leaf 0.308125 0.511250 0.091250 0.065833
leaf 0.399375 0.462917 0.073750 0.065833
leaf 0.331250 0.463333 0.060000 0.063333
leaf 0.208125 0.429583 0.053750 0.032500
leaf 0.282500 0.427083 0.077500 0.082500
leaf 0.186250 0.382083 0.087500 0.060833
leaf 0.101250 0.354167 0.082500 0.045000
leaf 0.156875 0.288750 0.068750 0.059167
leaf 0.074375 0.293333 0.101250 0.081667
leaf 0.206250 0.325000 0.072500 0.066667
leaf 0.496875 0.378333 0.128750 0.081667
leaf 0.376250 0.393750 0.085000 0.089167
leaf 0.293125 0.341667 0.106250 0.076667
leaf 0.748125 0.442083 0.061250 0.060833
leaf 0.840625 0.396667 0.123750 0.080000
leaf 0.750000 0.366250 0.092500 0.087500
leaf 0.915625 0.295000 0.096250 0.106667
leaf 0.739375 0.293750 0.076250 0.055833
leaf 0.831250 0.289167 0.072500 0.058333
leaf 0.808750 0.223333 0.077500 0.073333
leaf 0.725625 0.230000 0.066250 0.063333
leaf 0.635625 0.330833 0.133750 0.143333
leaf 0.663750 0.242083 0.062500 0.069167
leaf 0.604375 0.241667 0.071250 0.086667
leaf 0.653750 0.157083 0.107500 0.089167
leaf 0.497500 0.252083 0.165000 0.129167
leaf 0.264375 0.271667 0.071250 0.035000
leaf 0.374375 0.278333 0.138750 0.115000
leaf 0.268750 0.212500 0.137500 0.071667
leaf 0.416250 0.159583 0.165000 0.140833
stem 0.767500 0.217917 0.017500 0.039167
stem 0.743125 0.518750 0.106250 0.069167
stem 0.516875 0.682083 0.391250 0.240833
stem 0.593125 0.484167 0.028750 0.163333
stem 0.381875 0.531250 0.033750 0.060833
