flower 0.581875 0.332500 0.048750 0.031667
leaf 0.230625 0.149167 0.101250 0.221667
leaf 0.425000 0.163333 0.290000 0.226667
leaf 0.724375 0.275000 0.231250 0.140000
leaf 0.316250 0.630417 0.247500 0.109167
leaf 0.732500 0.662083 0.260000 0.092500
leaf 0.791875 0.534167 0.251250 0.171667
leaf 0.593125 0.582083 0.088750 0.154167
leaf 0.521250 0.607083 0.120000 0.182500
leaf 0.430000 0.562500 0.090000 0.176667
stem 0.205000 0.307917 0.080000 0.072500
stem 0.115000 0.443333 0.142500 0.205000
stem 0.508750 0.825417 0.115000 0.234167
leaf 0.295000 0.371250 0.207500 0.195833
leaf 0.546250 0.428333 0.297500 0.091667
leaf 0.656875 0.362917 0.203750 0.057500
leaf 0.510000 0.297083 0.227500 0.172500
