fruit 0.263125 0.299583 0.058750 0.035833
fruit 0.761875 0.330833 0.043750 0.025000
fruit 0.731250 0.318333 0.042500 0.030000
fruit 0.825000 0.234167 0.045000 0.025000
fruit 0.812500 0.202917 0.037500 0.027500
leaf 0.199375 0.198333 0.101250 0.170000
leaf 0.373750 0.253333 0.147500 0.100000
leaf 0.261250 0.377083 0.142500 0.067500
leaf 0.830625 0.166250 0.096250 0.100833
leaf 0.759375 0.226667 0.083750 0.110000
leaf 0.709375 0.248750 0.058750 0.112500
leaf 0.570625 0.388750 0.106250 0.125833
leaf 0.908750 0.358333 0.140000 0.138333
leaf 0.808125 0.387083 0.071250 0.122500
leaf 0.810625 0.498333 0.133750 0.096667
leaf 0.718125 0.443750 0.121250 0.077500
leaf 0.497500 0.473333 0.112500 0.050000
leaf 0.331875 0.478750 0.218750 0.089167
leaf 0.370625 0.566667 0.243750 0.101667
leaf 0.450625 0.631250 0.148750 0.044167
leaf 0.179375 0.619583 0.206250 0.084167
stem 0.324375 0.332500 0.048750 0.031667
stem 0.384375 0.364167 0.111250 0.053333
stem 0.764375 0.302083 0.036250 0.040833
stem 0.718125 0.375000 0.036250 0.071667
stem 0.800000 0.458333 0.037500 0.020000
stem 0.611250 0.483333 0.095000 0.116667
stem 0.445625 0.589583 0.081250 0.040833
stem 0.333750 0.648750 0.085000 0.032500
stem 0.635625 0.629167 0.223750 0.171667
stem 0.451875 0.678750 0.131250 0.040833
