flower 0.525625 0.222917 0.081250 0.037500
flower 0.460625 0.242500 0.086250 0.041667
flower 0.505625 0.301250 0.041250 0.027500
leaf 0.544375 0.298750 0.053750 0.027500
leaf 0.566250 0.340417 0.117500 0.032500
leaf 0.473125 0.426250 0.126250 0.095833
leaf 0.604375 0.441667 0.116250 0.090000
leaf 0.572500 0.637500 0.040000 0.021667
leaf 0.536250 0.635833 0.030000 0.023333
leaf 0.668125 0.638750 0.143750 0.090833
leaf 0.447500 0.616250 0.140000 0.062500
stem 0.533125 0.719583 0.058750 0.134167
stem 0.550000 0.555000 0.035000 0.136667
