flower 0.403125 0.193333 0.043750 0.025000
flower 0.371250 0.209583 0.040000 0.032500
flower 0.506250 0.237917 0.055000 0.037500
flower 0.454375 0.241667 0.053750 0.030000
flower 0.367500 0.257917 0.055000 0.022500
flower 0.355000 0.234167 0.065000 0.031667
flower 0.292500 0.230000 0.057500 0.026667
flower 0.315625 0.255833 0.048750 0.018333
flower 0.261875 0.255833 0.063750 0.025000
flower 0.425000 0.333333 0.055000 0.030000
flower 0.346875 0.369167 0.043750 0.035000
flower 0.301875 0.342917 0.051250 0.039167
flower 0.318750 0.312500 0.062500 0.021667
flower 0.236250 0.300000 0.052500 0.028333
flower 0.283125 0.293333 0.063750 0.023333
flower 0.326250 0.681250 0.027500 0.024167
flower 0.270625 0.654583 0.046250 0.037500
flower 0.342500 0.619583 0.045000 0.032500
flower 0.405625 0.607917 0.053750 0.029167
flower 0.396875 0.569167 0.061250 0.035000
flower 0.892500 0.445000 0.055000 0.046667
flower 0.845000 0.433333 0.037500 0.020000
flower 0.821875 0.368750 0.043750 0.029167
flower 0.871250 0.367083 0.055000 0.037500
flower 0.891875 0.325417 0.066250 0.042500
leaf 0.070625 0.195833 0.108750 0.035000
leaf 0.055625 0.226250 0.108750 0.029167
leaf 0.139375 0.229583 0.058750 0.054167
leaf 0.200000 0.246250 0.045000 0.017500
leaf 0.231250 0.203750 0.112500 0.059167
leaf 0.296875 0.275000 0.093750 0.018333
leaf 0.338125 0.296250 0.078750 0.024167
leaf 0.408750 0.267083 0.035000 0.037500
leaf 0.435000 0.365833 0.090000 0.025000
leaf 0.194375 0.398333 0.123750 0.075000
leaf 0.300625 0.484167 0.053750 0.058333
leaf 0.342500 0.522083 0.130000 0.047500
leaf 0.400625 0.555833 0.106250 0.025000
leaf 0.184375 0.669583 0.063750 0.045833
leaf 0.253125 0.706667 0.138750 0.050000
leaf 0.276250 0.755417 0.062500 0.044167
leaf 0.361875 0.700417 0.071250 0.044167
leaf 0.330625 0.643750 0.061250 0.060833
leaf 0.391875 0.643750 0.038750 0.057500
leaf 0.478750 0.665000 0.037500 0.033333
leaf 0.503750 0.642917 0.035000 0.010833
leaf 0.441250 0.628333 0.055000 0.023333
leaf 0.685000 0.649167 0.025000 0.046667
leaf 0.653750 0.632500 0.072500 0.055000
leaf 0.613750 0.543750 0.105000 0.050833
leaf 0.469375 0.447083 0.078750 0.022500
leaf 0.502500 0.426667 0.082500 0.060000
leaf 0.596250 0.344167 0.042500 0.036667
leaf 0.590625 0.262083 0.103750 0.052500
leaf 0.587500 0.200833 0.105000 0.058333
leaf 0.609375 0.137500 0.098750 0.076667
leaf 0.568750 0.083333 0.080000 0.051667
leaf 0.813750 0.592083 0.055000 0.042500
leaf 0.776875 0.595000 0.023750 0.045000
leaf 0.753750 0.544167 0.072500 0.018333
leaf 0.747500 0.497917 0.100000 0.065833
leaf 0.720625 0.440833 0.066250 0.051667
leaf 0.707500 0.388750 0.067500 0.052500
leaf 0.768750 0.367917 0.047500 0.034167
leaf 0.821250 0.354167 0.040000 0.051667
stem 0.270625 0.442083 0.048750 0.029167
stem 0.337500 0.481667 0.037500 0.026667
stem 0.439375 0.540000 0.033750 0.018333
stem 0.338750 0.587500 0.060000 0.041667
stem 0.306250 0.650000 0.020000 0.028333
stem 0.432500 0.667083 0.042500 0.042500
stem 0.464375 0.618750 0.041250 0.017500
stem 0.446250 0.587083 0.017500 0.032500
stem 0.583750 0.671250 0.175000 0.024167
stem 0.680625 0.587917 0.026250 0.032500
stem 0.445625 0.302917 0.116250 0.035833
stem 0.363750 0.327500 0.060000 0.043333
stem 0.474375 0.277500 0.096250 0.038333
stem 0.509375 0.311667 0.123750 0.096667
stem 0.626875 0.309583 0.021250 0.034167
stem 0.578125 0.436250 0.078750 0.142500
stem 0.774375 0.671250 0.146250 0.019167
stem 0.815625 0.653750 0.076250 0.065833
stem 0.754375 0.562917 0.063750 0.020833
stem 0.791250 0.422500 0.090000 0.071667
stem 0.688125 0.335833 0.073750 0.051667
stem 0.645000 0.233750 0.012500 0.115833
leaf 0.035000 0.266250 0.055000 0.050833
leaf 0.102500 0.677500 0.140000 0.048333
leaf 0.127500 0.726667 0.115000 0.056667
leaf 0.043750 0.709583 0.085000 0.057500
