flower 0.506250 0.262083 0.042500 0.015833
flower 0.416250 0.197500 0.062500 0.043333
flower 0.386875 0.240000 0.068750 0.053333
flower 0.461250 0.346250 0.072500 0.050833
flower 0.423750 0.299583 0.082500 0.055833
leaf 0.679375 0.641250 0.123750 0.044167
leaf 0.718125 0.548333 0.226250 0.080000
leaf 0.593125 0.525833 0.098750 0.108333
leaf 0.496875 0.498333 0.136250 0.165000
stem 0.451875 0.247917 0.053750 0.037500
stem 0.498750 0.293333 0.080000 0.043333
stem 0.540000 0.364167 0.047500 0.098333
stem 0.561250 0.474167 0.015000 0.068333
root 0.343750 0.603333 0.357500 0.100000
root 0.389375 0.797500 0.261250 0.328333
root 0.728125 0.732083 0.383750 0.189167
