flower 0.315000 0.165000 0.082500 0.061667
fruit 0.330000 0.332917 0.050000 0.037500
flower 0.276875 0.329583 0.048750 0.027500
fruit 0.401250 0.568750 0.037500 0.020833
fruit 0.473750 0.547917 0.070000 0.040833
fruit 0.387500 0.533333 0.050000 0.041667
fruit 0.449375 0.795833 0.043750 0.035000
fruit 0.551250 0.795417 0.040000 0.020833
leaf 0.475625 0.133750 0.416250 0.230833
leaf 0.475625 0.370417 0.276250 0.310833
leaf 0.248125 0.432917 0.268750 0.167500
leaf 0.718750 0.592500 0.492500 0.351667
stem 0.298750 0.254167 0.057500 0.118333
stem 0.429375 0.662917 0.086250 0.159167
stem 0.533750 0.735833 0.032500 0.035000
leaf 0.497500 0.740833 0.027500 0.045000
stem 0.507500 0.878750 0.050000 0.224167
