flower 0.499375 0.632500 0.018750 0.011667
flower 0.595625 0.607083 0.008750 0.007500
flower 0.583125 0.593333 0.011250 0.010000
flower 0.492500 0.592083 0.017500 0.012500
flower 0.526875 0.498750 0.018750 0.009167
flower 0.458750 0.497500 0.015000 0.023333
flower 0.464375 0.479167 0.021250 0.011667
leaf 0.318750 0.124583 0.095000 0.147500
leaf 0.266250 0.230417 0.300000 0.097500
leaf 0.468750 0.192083 0.207500 0.260833
leaf 0.705000 0.278750 0.267500 0.189167
leaf 0.166875 0.436667 0.241250 0.100000
leaf 0.608750 0.657917 0.125000 0.067500
stem 0.308125 0.488333 0.038750 0.018333
stem 0.406250 0.524167 0.122500 0.060000
stem 0.528125 0.346250 0.086250 0.040833
stem 0.494375 0.367500 0.016250 0.071667
stem 0.505000 0.597083 0.042500 0.229167
leaf 0.811250 0.555417 0.267500 0.075833
leaf 0.663750 0.515833 0.245000 0.218333
leaf 0.368750 0.403333 0.207500 0.183333
leaf 0.565625 0.425417 0.188750 0.124167
