flower 0.688750 0.172500 0.030000 0.021667
leaf 0.551250 0.199583 0.115000 0.134167
leaf 0.865000 0.232083 0.095000 0.060833
leaf 0.746250 0.240417 0.130000 0.040833
leaf 0.820000 0.185417 0.092500 0.074167
leaf 0.733125 0.185833 0.108750 0.071667
leaf 0.643750 0.192917 0.097500 0.114167
leaf 0.381250 0.264583 0.162500 0.119167
leaf 0.234375 0.302917 0.161250 0.089167
leaf 0.273750 0.361250 0.110000 0.045833
leaf 0.399375 0.401667 0.046250 0.020000
leaf 0.271250 0.402917 0.127500 0.049167
leaf 0.333125 0.445417 0.121250 0.050833
leaf 0.236250 0.451667 0.105000 0.050000
leaf 0.266875 0.500000 0.163750 0.053333
leaf 0.274375 0.557500 0.136250 0.058333
leaf 0.374375 0.560833 0.051250 0.041667
leaf 0.643750 0.701667 0.095000 0.093333
leaf 0.551875 0.685417 0.141250 0.077500
leaf 0.441250 0.701667 0.097500 0.101667
leaf 0.346250 0.728750 0.085000 0.070833
leaf 0.436875 0.636667 0.061250 0.046667
leaf 0.330625 0.658333 0.161250 0.075000
leaf 0.325000 0.604167 0.167500 0.038333
stem 0.626250 0.455833 0.307500 0.373333
stem 0.432500 0.536667 0.080000 0.140000
stem 0.411875 0.361667 0.116250 0.048333
