flower 0.530625 0.444583 0.036250 0.017500
flower 0.511250 0.446667 0.030000 0.030000
flower 0.526250 0.417500 0.027500 0.021667
flower 0.478750 0.421250 0.035000 0.029167
flower 0.441875 0.330000 0.048750 0.013333
flower 0.230000 0.133333 0.037500 0.020000
leaf 0.272500 0.130417 0.057500 0.034167
leaf 0.225000 0.098333 0.060000 0.075000
leaf 0.220625 0.200000 0.068750 0.120000
leaf 0.171875 0.148750 0.103750 0.044167
leaf 0.663750 0.240417 0.307500 0.364167
leaf 0.416250 0.307500 0.020000 0.031667
leaf 0.232500 0.343333 0.382500 0.118333
leaf 0.228750 0.487500 0.415000 0.168333
leaf 0.498750 0.651250 0.212500 0.384167
leaf 0.723750 0.567083 0.382500 0.280833
stem 0.316875 0.228750 0.093750 0.107500
stem 0.431250 0.218333 0.060000 0.206667
stem 0.464375 0.374583 0.048750 0.059167
