flower 0.290625 0.125000 0.068750 0.036667
flower 0.345625 0.131250 0.051250 0.034167
flower 0.320000 0.403333 0.040000 0.026667
flower 0.620000 0.453333 0.055000 0.035000
flower 0.574375 0.374583 0.046250 0.034167
flower 0.508750 0.378750 0.062500 0.025833
leaf 0.691875 0.253333 0.268750 0.091667
leaf 0.544375 0.159167 0.123750 0.118333
leaf 0.504375 0.326667 0.153750 0.135000
leaf 0.381250 0.129583 0.150000 0.135833
leaf 0.235625 0.259583 0.073750 0.095833
leaf 0.168750 0.175833 0.260000 0.136667
leaf 0.714375 0.542500 0.048750 0.061667
leaf 0.588750 0.542500 0.170000 0.065000
leaf 0.228750 0.417917 0.150000 0.077500
leaf 0.328750 0.411250 0.087500 0.094167
leaf 0.450000 0.431250 0.192500 0.057500
leaf 0.641875 0.397500 0.131250 0.078333
leaf 0.712500 0.420417 0.105000 0.117500
stem 0.561250 0.497083 0.045000 0.062500
stem 0.321250 0.337083 0.155000 0.057500
stem 0.120625 0.381667 0.088750 0.250000
stem 0.390000 0.515417 0.140000 0.110833
stem 0.579375 0.742917 0.253750 0.330833
leaf 0.396875 0.254167 0.201250 0.120000
