flower 0.345000 0.132500 0.027500 0.021667
flower 0.358750 0.107083 0.025000 0.019167
flower 0.392500 0.097917 0.042500 0.019167
flower 0.380625 0.177917 0.018750 0.019167
flower 0.370625 0.222083 0.016250 0.015833
flower 0.424375 0.217917 0.028750 0.027500
flower 0.331875 0.269583 0.031250 0.010833
flower 0.489375 0.290833 0.028750 0.015000
flower 0.562500 0.327500 0.030000 0.010000
flower 0.354375 0.350000 0.028750 0.016667
flower 0.430625 0.416250 0.013750 0.019167
flower 0.403750 0.396667 0.020000 0.011667
flower 0.506875 0.671667 0.021250 0.020000
leaf 0.385625 0.080417 0.078750 0.012500
leaf 0.410000 0.098333 0.047500 0.026667
leaf 0.353750 0.095417 0.042500 0.015833
leaf 0.298750 0.128750 0.050000 0.037500
leaf 0.376250 0.201250 0.042500 0.034167
leaf 0.418125 0.203750 0.068750 0.015833
leaf 0.451250 0.220833 0.027500 0.005000
leaf 0.370000 0.241667 0.092500 0.020000
leaf 0.325000 0.277500 0.067500 0.011667
leaf 0.446875 0.286667 0.043750 0.015000
leaf 0.544375 0.316667 0.061250 0.030000
leaf 0.482500 0.314583 0.070000 0.037500
leaf 0.423125 0.349583 0.061250 0.025833
leaf 0.519375 0.382083 0.043750 0.012500
leaf 0.463750 0.380417 0.065000 0.027500
leaf 0.404375 0.384583 0.018750 0.022500
leaf 0.419375 0.415833 0.066250 0.035000
leaf 0.458750 0.399167 0.025000 0.028333
leaf 0.466250 0.434167 0.022500 0.030000
leaf 0.508125 0.412917 0.031250 0.027500
leaf 0.571875 0.429583 0.056250 0.017500
leaf 0.513750 0.450833 0.072500 0.025000
leaf 0.598750 0.469583 0.075000 0.030833
leaf 0.545625 0.473333 0.046250 0.010000
leaf 0.509375 0.485833 0.026250 0.030000
leaf 0.542500 0.505000 0.015000 0.023333
leaf 0.510625 0.535417 0.048750 0.029167
stem 0.341250 0.165000 0.025000 0.028333
stem 0.421875 0.267083 0.041250 0.032500
stem 0.364375 0.263750 0.016250 0.029167
stem 0.378125 0.310417 0.043750 0.050833
stem 0.411250 0.365417 0.015000 0.014167
stem 0.530625 0.354583 0.031250 0.044167
stem 0.546250 0.412500 0.015000 0.058333
stem 0.474375 0.417500 0.051250 0.008333
stem 0.554375 0.455000 0.013750 0.028333
stem 0.481875 0.461667 0.028750 0.028333
stem 0.542500 0.559167 0.007500 0.043333
leaf 0.609375 0.671250 0.038750 0.024167
leaf 0.550000 0.583333 0.055000 0.028333
flower 0.540625 0.612083 0.018750 0.012500
flower 0.547500 0.639583 0.042500 0.025833
stem 0.444375 0.598333 0.163750 0.033333
stem 0.614375 0.640000 0.046250 0.026667
stem 0.547500 0.677500 0.067500 0.048333
stem 0.500625 0.700833 0.131250 0.043333
root 0.455000 0.760000 0.162500 0.080000
leaf 0.525000 0.621250 0.022500 0.015833
