flower 0.612500 0.554583 0.032500 0.017500
flower 0.588125 0.521250 0.043750 0.035833
flower 0.270625 0.498333 0.031250 0.020000
flower 0.230000 0.485417 0.045000 0.027500
flower 0.456875 0.675417 0.181250 0.079167
flower 0.225000 0.590417 0.112500 0.069167
flower 0.141250 0.587500 0.130000 0.058333
flower 0.785000 0.072917 0.040000 0.025833
leaf 0.685625 0.195000 0.186250 0.116667
leaf 0.288750 0.126667 0.085000 0.050000
leaf 0.126250 0.209167 0.212500 0.105000
leaf 0.653750 0.422083 0.205000 0.122500
leaf 0.428750 0.376250 0.170000 0.127500
leaf 0.662500 0.680417 0.165000 0.102500
leaf 0.118125 0.650833 0.206250 0.120000
stem 0.378125 0.123333 0.093750 0.096667
stem 0.318125 0.416667 0.061250 0.513333
stem 0.729375 0.109583 0.116250 0.045833
stem 0.838750 0.430833 0.102500 0.685000
stem 0.712500 0.523333 0.150000 0.056667
stem 0.691875 0.790417 0.181250 0.077500
flower 0.526250 0.811250 0.130000 0.059167
