flower 0.470625 0.190417 0.018750 0.015833
flower 0.432500 0.360000 0.042500 0.018333
flower 0.370000 0.377500 0.025000 0.028333
flower 0.396250 0.360000 0.022500 0.020000
flower 0.260000 0.450833 0.065000 0.028333
flower 0.794375 0.539167 0.026250 0.023333
flower 0.755000 0.548333 0.010000 0.016667
flower 0.744375 0.513750 0.026250 0.020833
flower 0.466250 0.605000 0.022500 0.013333
flower 0.754375 0.638333 0.036250 0.021667
flower 0.770000 0.662500 0.020000 0.011667
flower 0.808750 0.669583 0.025000 0.012500
leaf 0.551250 0.147500 0.105000 0.161667
leaf 0.430000 0.086667 0.112500 0.126667
leaf 0.335000 0.067083 0.097500 0.079167
leaf 0.161250 0.182083 0.055000 0.042500
leaf 0.410625 0.224167 0.108750 0.110000
leaf 0.313125 0.287917 0.111250 0.099167
leaf 0.691250 0.290833 0.197500 0.128333
leaf 0.491875 0.312500 0.176250 0.120000
leaf 0.798125 0.391250 0.163750 0.139167
leaf 0.875000 0.498333 0.162500 0.096667
leaf 0.598750 0.453333 0.245000 0.108333
stem 0.195000 0.290417 0.127500 0.172500
stem 0.388125 0.273750 0.036250 0.110833
stem 0.300000 0.388333 0.110000 0.083333
stem 0.416250 0.431667 0.120000 0.086667
stem 0.570000 0.372917 0.050000 0.060833
stem 0.477500 0.521667 0.097500 0.096667
stem 0.545625 0.558750 0.241250 0.100833
leaf 0.590000 0.676667 0.102500 0.150000
leaf 0.478750 0.634583 0.060000 0.044167
stem 0.737500 0.728750 0.127500 0.110833
stem 0.807500 0.605833 0.022500 0.105000
stem 0.754375 0.485833 0.056250 0.025000
leaf 0.517500 0.887500 0.152500 0.176667
