fruit 0.586250 0.254167 0.062500 0.038333
fruit 0.488750 0.277917 0.055000 0.030833
fruit 0.433750 0.300833 0.057500 0.050000
fruit 0.385625 0.270833 0.093750 0.050000
leaf 0.710000 0.075000 0.452500 0.125000
leaf 0.216250 0.228333 0.427500 0.171667
leaf 0.666875 0.292917 0.356250 0.179167
leaf 0.553125 0.412500 0.178750 0.256667
leaf 0.746875 0.555417 0.356250 0.205833
leaf 0.444375 0.595833 0.218750 0.215000
fruit 0.223125 0.628750 0.053750 0.034167
leaf 0.315625 0.687500 0.276250 0.148333
leaf 0.198750 0.576250 0.242500 0.199167
leaf 0.733125 0.733333 0.411250 0.206667
stem 0.571250 0.573333 0.045000 0.076667
stem 0.500000 0.814167 0.115000 0.208333
stem 0.451875 0.150417 0.108750 0.200833
