fruit 0.733125 0.498750 0.033750 0.035833
fruit 0.756250 0.490000 0.040000 0.036667
flower 0.357500 0.472083 0.020000 0.015833
leaf 0.207500 0.109167 0.090000 0.095000
leaf 0.225000 0.200833 0.157500 0.091667
leaf 0.216875 0.440417 0.176250 0.144167
leaf 0.415000 0.543750 0.215000 0.145833
leaf 0.503125 0.661667 0.113750 0.078333
leaf 0.674375 0.582083 0.178750 0.072500
leaf 0.816250 0.559167 0.200000 0.075000
leaf 0.822500 0.445000 0.160000 0.106667
stem 0.128750 0.161250 0.070000 0.119167
stem 0.243125 0.309167 0.146250 0.126667
stem 0.324375 0.406667 0.053750 0.066667
stem 0.278125 0.710833 0.356250 0.178333
stem 0.497500 0.607083 0.062500 0.017500
stem 0.549375 0.580833 0.078750 0.055000
stem 0.648750 0.540417 0.147500 0.040833
stem 0.818125 0.512500 0.061250 0.023333
