flower 0.332500 0.267917 0.077500 0.047500
flower 0.406875 0.313333 0.106250 0.100000
flower 0.491875 0.737917 0.093750 0.094167
flower 0.631875 0.761667 0.091250 0.076667
flower 0.588750 0.723750 0.110000 0.069167
leaf 0.252500 0.167917 0.222500 0.287500
leaf 0.566250 0.159167 0.397500 0.260000
leaf 0.571875 0.379167 0.493750 0.166667
leaf 0.268125 0.670833 0.366250 0.258333
leaf 0.436875 0.562083 0.228750 0.254167
leaf 0.760625 0.574167 0.433750 0.296667
stem 0.251250 0.381667 0.175000 0.118333
stem 0.527500 0.867083 0.082500 0.142500
