flower 0.342500 0.127917 0.022500 0.012500
flower 0.375000 0.178750 0.042500 0.019167
flower 0.366875 0.144583 0.068750 0.019167
flower 0.353750 0.203333 0.032500 0.020000
flower 0.350625 0.231667 0.048750 0.030000
flower 0.298125 0.249167 0.026250 0.025000
flower 0.699375 0.140833 0.043750 0.025000
flower 0.737500 0.163750 0.042500 0.019167
flower 0.739375 0.185000 0.033750 0.026667
flower 0.702500 0.205000 0.025000 0.026667
flower 0.719375 0.230000 0.026250 0.023333
flower 0.698750 0.260417 0.027500 0.032500
flower 0.746250 0.292083 0.037500 0.034167
flower 0.696875 0.330000 0.023750 0.033333
leaf 0.281875 0.280000 0.023750 0.026667
leaf 0.322500 0.256667 0.022500 0.013333
leaf 0.312500 0.225000 0.015000 0.023333
leaf 0.321875 0.195833 0.018750 0.015000
leaf 0.733125 0.259583 0.011250 0.015833
leaf 0.712500 0.291250 0.012500 0.015833
leaf 0.697500 0.365417 0.017500 0.022500
stem 0.301875 0.538750 0.173750 0.489167
stem 0.696875 0.577917 0.103750 0.410833
