flower 0.460625 0.365417 0.026250 0.015833
flower 0.238125 0.441250 0.038750 0.024167
flower 0.327500 0.342500 0.017500 0.023333
leaf 0.368750 0.150417 0.257500 0.224167
leaf 0.611250 0.250417 0.215000 0.087500
leaf 0.745625 0.252083 0.198750 0.167500
leaf 0.780625 0.387917 0.166250 0.182500
leaf 0.602500 0.395417 0.185000 0.162500
leaf 0.308125 0.372500 0.201250 0.210000
leaf 0.175000 0.531667 0.185000 0.230000
leaf 0.391875 0.626250 0.153750 0.080833
leaf 0.664375 0.589583 0.156250 0.169167
leaf 0.821250 0.565000 0.132500 0.086667
leaf 0.453125 0.723750 0.101250 0.100833
leaf 0.252500 0.677083 0.175000 0.195833
stem 0.258125 0.275417 0.061250 0.162500
stem 0.413125 0.383333 0.048750 0.013333
stem 0.241250 0.480000 0.027500 0.040000
stem 0.613125 0.486667 0.071250 0.050000
stem 0.411875 0.581667 0.058750 0.053333
stem 0.510000 0.625000 0.132500 0.073333
stem 0.653125 0.746250 0.166250 0.142500
stem 0.366250 0.728750 0.047500 0.142500
stem 0.317500 0.829167 0.077500 0.101667
leaf 0.423125 0.837917 0.143750 0.089167
leaf 0.569375 0.882917 0.138750 0.087500
leaf 0.765625 0.811667 0.071250 0.058333
leaf 0.468750 0.320000 0.120000 0.153333
