fruit 0.786250 0.492500 0.072500 0.063333
leaf 0.448125 0.155000 0.228750 0.283333
leaf 0.178750 0.185417 0.205000 0.319167
leaf 0.880625 0.257083 0.186250 0.167500
leaf 0.179375 0.396667 0.288750 0.093333
leaf 0.313125 0.608750 0.163750 0.329167
leaf 0.795000 0.699167 0.180000 0.225000
leaf 0.630000 0.482083 0.235000 0.277500
leaf 0.469375 0.480000 0.161250 0.245000
stem 0.440625 0.327500 0.261250 0.031667
stem 0.713125 0.208750 0.151250 0.315833
stem 0.787500 0.404167 0.102500 0.125000
stem 0.863750 0.528750 0.107500 0.147500
stem 0.310000 0.786667 0.025000 0.026667
stem 0.150625 0.642500 0.116250 0.213333
stem 0.643125 0.723333 0.093750 0.165000
