fruit 0.365000 0.416667 0.040000 0.028333
fruit 0.446250 0.397500 0.037500 0.021667
fruit 0.456875 0.427917 0.066250 0.022500
fruit 0.316875 0.334167 0.026250 0.013333
fruit 0.302500 0.374167 0.022500 0.015000
fruit 0.272500 0.297917 0.022500 0.014167
leaf 0.378750 0.205000 0.297500 0.301667
leaf 0.613750 0.326250 0.347500 0.190833
leaf 0.843125 0.445000 0.138750 0.283333
leaf 0.720625 0.612500 0.196250 0.278333
leaf 0.251250 0.505000 0.162500 0.243333
leaf 0.438750 0.598750 0.197500 0.315833
leaf 0.544375 0.728750 0.241250 0.252500
stem 0.245625 0.331667 0.123750 0.060000
stem 0.356250 0.384167 0.067500 0.038333
stem 0.523125 0.489583 0.201250 0.105833
stem 0.795000 0.654583 0.062500 0.037500
stem 0.840000 0.682083 0.080000 0.055833
