fruit 0.686875 0.547083 0.028750 0.022500
fruit 0.673125 0.567917 0.028750 0.015833
fruit 0.646875 0.648750 0.033750 0.024167
fruit 0.695000 0.581250 0.027500 0.029167
fruit 0.710000 0.556667 0.030000 0.016667
fruit 0.680000 0.630000 0.035000 0.016667
fruit 0.693125 0.655833 0.038750 0.031667
fruit 0.731250 0.653750 0.045000 0.034167
fruit 0.718750 0.627917 0.050000 0.024167
fruit 0.730625 0.593333 0.026250 0.015000
fruit 0.726250 0.575833 0.022500 0.015000
fruit 0.748750 0.565417 0.037500 0.027500
fruit 0.792500 0.628333 0.052500 0.033333
fruit 0.781875 0.581250 0.051250 0.025833
fruit 0.816250 0.624167 0.040000 0.028333
fruit 0.780000 0.605833 0.032500 0.015000
fruit 0.822500 0.595000 0.055000 0.031667
leaf 0.200625 0.250833 0.318750 0.261667
leaf 0.670000 0.164167 0.437500 0.326667
leaf 0.783750 0.396667 0.357500 0.270000
leaf 0.478750 0.440000 0.260000 0.288333
leaf 0.348750 0.557500 0.097500 0.198333
leaf 0.590625 0.556250 0.028750 0.075833
leaf 0.621250 0.578333 0.090000 0.078333
leaf 0.336875 0.747917 0.293750 0.232500
leaf 0.545625 0.781667 0.176250 0.283333
stem 0.474375 0.295417 0.063750 0.014167
stem 0.204375 0.447917 0.256250 0.127500
stem 0.450000 0.610000 0.035000 0.066667
stem 0.446875 0.577500 0.031250 0.043333
stem 0.475000 0.591250 0.185000 0.009167
stem 0.215000 0.647500 0.200000 0.101667
