flower 0.253750 0.252500 0.030000 0.018333
flower 0.539375 0.175417 0.056250 0.034167
flower 0.411875 0.342083 0.043750 0.030833
flower 0.686875 0.094583 0.058750 0.027500
flower 0.671250 0.120833 0.057500 0.025000
flower 0.720000 0.128750 0.022500 0.017500
flower 0.111875 0.469167 0.033750 0.025000
leaf 0.252500 0.266667 0.020000 0.010000
leaf 0.247500 0.283333 0.035000 0.016667
leaf 0.241875 0.319167 0.033750 0.015000
leaf 0.218750 0.384167 0.032500 0.015000
leaf 0.180625 0.440000 0.038750 0.013333
leaf 0.143750 0.506667 0.015000 0.015000
leaf 0.200000 0.551667 0.050000 0.026667
leaf 0.297500 0.632917 0.025000 0.012500
leaf 0.386250 0.690000 0.025000 0.016667
leaf 0.596875 0.784167 0.041250 0.031667
leaf 0.424375 0.675417 0.033750 0.022500
leaf 0.598125 0.692500 0.046250 0.025000
leaf 0.440000 0.601250 0.052500 0.024167
leaf 0.301250 0.564167 0.030000 0.018333
leaf 0.589375 0.579583 0.028750 0.015833
leaf 0.462500 0.520417 0.027500 0.017500
leaf 0.343125 0.485000 0.026250 0.013333
leaf 0.371875 0.400833 0.033750 0.016667
leaf 0.500625 0.422500 0.021250 0.010000
leaf 0.613750 0.464583 0.030000 0.020833
leaf 0.466875 0.351667 0.013750 0.016667
leaf 0.417500 0.314583 0.022500 0.012500
leaf 0.648750 0.313750 0.035000 0.022500
leaf 0.466875 0.242083 0.033750 0.012500
leaf 0.698125 0.159167 0.041250 0.010000
stem 0.670000 0.232917 0.067500 0.137500
stem 0.620625 0.386667 0.048750 0.130000
stem 0.597500 0.520833 0.017500 0.101667
stem 0.594375 0.634167 0.018750 0.095000
stem 0.595625 0.736250 0.013750 0.064167
stem 0.408750 0.720833 0.052500 0.058333
stem 0.434375 0.640000 0.018750 0.053333
stem 0.449375 0.560833 0.031250 0.063333
stem 0.481250 0.470000 0.040000 0.081667
stem 0.494375 0.384583 0.036250 0.065833
stem 0.446875 0.346667 0.031250 0.010000
stem 0.493750 0.214167 0.037500 0.046667
stem 0.446250 0.277500 0.042500 0.058333
stem 0.380000 0.372500 0.017500 0.041667
stem 0.356875 0.443333 0.023750 0.073333
stem 0.327500 0.526250 0.037500 0.067500
stem 0.340000 0.665000 0.072500 0.045000
stem 0.293750 0.597917 0.020000 0.057500
stem 0.252500 0.597500 0.062500 0.055000
stem 0.166250 0.529583 0.037500 0.024167
stem 0.131875 0.493333 0.018750 0.020000
stem 0.165625 0.473333 0.041250 0.056667
stem 0.200625 0.412500 0.031250 0.046667
stem 0.231250 0.357083 0.027500 0.042500
stem 0.243125 0.302083 0.016250 0.017500
root 0.473125 0.777917 0.133750 0.054167
leaf 0.596250 0.859583 0.052500 0.022500
stem 0.592500 0.827500 0.012500 0.048333
stem 0.589375 0.883750 0.013750 0.027500
