flower 0.615625 0.072500 0.068750 0.025000
flower 0.742500 0.260833 0.040000 0.035000
flower 0.799375 0.323750 0.036250 0.030833
flower 0.901875 0.625000 0.046250 0.035000
flower 0.844375 0.629167 0.043750 0.035000
flower 0.832500 0.758333 0.022500 0.015000
flower 0.782500 0.712917 0.035000 0.032500
flower 0.780000 0.755833 0.037500 0.035000
flower 0.480625 0.751667 0.031250 0.020000
flower 0.445000 0.757500 0.055000 0.031667
flower 0.329375 0.728333 0.073750 0.060000
flower 0.345000 0.692917 0.085000 0.029167
flower 0.389375 0.672500 0.031250 0.011667
flower 0.590625 0.552083 0.043750 0.032500
flower 0.636250 0.529583 0.037500 0.032500
flower 0.546250 0.522500 0.042500 0.031667
flower 0.626250 0.373333 0.047500 0.033333
flower 0.524375 0.400833 0.048750 0.025000
flower 0.472500 0.399583 0.040000 0.027500
flower 0.437500 0.384167 0.047500 0.035000
flower 0.529375 0.357500 0.043750 0.028333
flower 0.460625 0.346667 0.041250 0.036667
flower 0.588750 0.332500 0.055000 0.028333
flower 0.305625 0.526667 0.046250 0.040000
flower 0.309375 0.492083 0.046250 0.020833
flower 0.186250 0.572500 0.052500 0.038333
flower 0.159375 0.523333 0.051250 0.045000
flower 0.135000 0.602917 0.042500 0.027500
flower 0.133125 0.555417 0.038750 0.032500
flower 0.105625 0.575417 0.058750 0.045833
flower 0.084375 0.523750 0.016250 0.024167
leaf 0.231250 0.138333 0.030000 0.056667
leaf 0.267500 0.172917 0.065000 0.029167
leaf 0.217500 0.182917 0.027500 0.047500
leaf 0.143750 0.241667 0.030000 0.040000
leaf 0.165000 0.295833 0.027500 0.105000
leaf 0.113750 0.350417 0.030000 0.039167
leaf 0.105625 0.492500 0.031250 0.058333
leaf 0.152500 0.458750 0.072500 0.094167
leaf 0.196875 0.535833 0.101250 0.051667
leaf 0.180000 0.596250 0.080000 0.034167
leaf 0.243750 0.681667 0.045000 0.080000
leaf 0.295625 0.658750 0.108750 0.040833
leaf 0.330000 0.624167 0.045000 0.113333
leaf 0.375000 0.664167 0.055000 0.020000
leaf 0.498750 0.778333 0.052500 0.010000
leaf 0.541250 0.779167 0.085000 0.073333
leaf 0.638750 0.790833 0.042500 0.115000
leaf 0.745000 0.743750 0.200000 0.020833
leaf 0.720000 0.725417 0.057500 0.029167
leaf 0.776250 0.691250 0.107500 0.029167
leaf 0.891250 0.541667 0.032500 0.040000
leaf 0.373125 0.560417 0.048750 0.069167
leaf 0.390000 0.511667 0.112500 0.046667
leaf 0.263125 0.495417 0.063750 0.032500
leaf 0.450625 0.421667 0.051250 0.026667
leaf 0.445625 0.298750 0.088750 0.079167
leaf 0.475000 0.134167 0.015000 0.065000
leaf 0.701250 0.182917 0.042500 0.017500
leaf 0.723125 0.153750 0.028750 0.039167
leaf 0.711250 0.220000 0.125000 0.063333
leaf 0.871875 0.279583 0.013750 0.014167
leaf 0.876250 0.346250 0.057500 0.044167
leaf 0.778750 0.295000 0.040000 0.080000
leaf 0.806250 0.367083 0.122500 0.060833
leaf 0.637500 0.315833 0.102500 0.038333
leaf 0.525625 0.418750 0.091250 0.014167
leaf 0.566875 0.380833 0.096250 0.021667
leaf 0.808750 0.426667 0.100000 0.051667
leaf 0.719375 0.407917 0.078750 0.087500
leaf 0.655000 0.450000 0.212500 0.033333
leaf 0.630000 0.487500 0.215000 0.055000
stem 0.626250 0.131667 0.035000 0.080000
stem 0.626875 0.274167 0.033750 0.051667
stem 0.563125 0.288750 0.063750 0.035833
stem 0.758750 0.200000 0.052500 0.036667
stem 0.839375 0.321250 0.031250 0.060833
stem 0.873750 0.450417 0.032500 0.159167
stem 0.868125 0.586667 0.021250 0.048333
stem 0.843125 0.691667 0.043750 0.091667
stem 0.815000 0.772500 0.015000 0.043333
stem 0.606875 0.730000 0.156250 0.018333
stem 0.515000 0.766250 0.035000 0.062500
stem 0.543125 0.644167 0.043750 0.213333
stem 0.677500 0.585417 0.152500 0.062500
stem 0.770000 0.503750 0.062500 0.100833
stem 0.568125 0.440417 0.016250 0.027500
stem 0.185625 0.205417 0.043750 0.062500
stem 0.135625 0.295417 0.046250 0.070833
stem 0.097500 0.425417 0.020000 0.082500
stem 0.368750 0.769167 0.027500 0.140000
stem 0.356250 0.618750 0.030000 0.079167
stem 0.340000 0.544167 0.017500 0.055000
stem 0.135625 0.716250 0.063750 0.190833
stem 0.098125 0.610000 0.036250 0.033333
leaf 0.480000 0.834167 0.052500 0.085000
leaf 0.828750 0.252500 0.075000 0.073333
leaf 0.622500 0.187917 0.085000 0.125833
leaf 0.471875 0.245000 0.211250 0.073333
leaf 0.395625 0.147083 0.203750 0.130833
leaf 0.545625 0.181250 0.086250 0.025833
leaf 0.218750 0.365417 0.127500 0.055833
leaf 0.346250 0.366250 0.122500 0.064167
leaf 0.265000 0.431667 0.070000 0.066667
leaf 0.370000 0.438750 0.135000 0.099167
