flower 0.638125 0.505000 0.051250 0.043333
flower 0.576875 0.485417 0.058750 0.054167
flower 0.517500 0.492500 0.072500 0.043333
flower 0.186250 0.200000 0.072500 0.043333
flower 0.301875 0.194583 0.036250 0.059167
flower 0.251875 0.190417 0.063750 0.064167
flower 0.747500 0.105833 0.067500 0.051667
flower 0.812500 0.111667 0.052500 0.053333
leaf 0.878125 0.192917 0.226250 0.110833
leaf 0.643750 0.142500 0.235000 0.216667
leaf 0.888125 0.093750 0.108750 0.087500
leaf 0.577500 0.669167 0.147500 0.066667
leaf 0.630000 0.523750 0.130000 0.089167
leaf 0.537500 0.461250 0.075000 0.109167
leaf 0.466250 0.547500 0.132500 0.168333
leaf 0.128750 0.431667 0.237500 0.185000
leaf 0.351250 0.416250 0.195000 0.204167
stem 0.250625 0.629167 0.063750 0.215000
stem 0.458125 0.748333 0.073750 0.193333
stem 0.781250 0.420833 0.215000 0.321667
leaf 0.391875 0.237917 0.253750 0.217500
leaf 0.145625 0.247500 0.178750 0.185000
