flower 0.195000 0.591250 0.057500 0.034167
flower 0.137500 0.525417 0.040000 0.032500
flower 0.191875 0.565000 0.028750 0.026667
flower 0.194375 0.526250 0.056250 0.050833
flower 0.761250 0.379583 0.027500 0.035833
flower 0.820625 0.395833 0.053750 0.030000
flower 0.795625 0.365833 0.048750 0.025000
flower 0.828750 0.352500 0.045000 0.020000
flower 0.867500 0.370833 0.032500 0.015000
flower 0.919375 0.326667 0.093750 0.050000
flower 0.570000 0.399583 0.037500 0.047500
flower 0.614375 0.331250 0.048750 0.024167
flower 0.583750 0.302500 0.027500 0.028333
flower 0.549375 0.290417 0.038750 0.022500
flower 0.461875 0.347500 0.048750 0.016667
flower 0.229375 0.298750 0.033750 0.025833
flower 0.273125 0.280000 0.036250 0.033333
flower 0.150000 0.254167 0.047500 0.025000
flower 0.251250 0.242917 0.032500 0.034167
flower 0.186875 0.235833 0.081250 0.035000
flower 0.205625 0.198333 0.111250 0.036667
flower 0.453750 0.059583 0.082500 0.017500
flower 0.633125 0.102500 0.068750 0.018333
flower 0.626250 0.070000 0.037500 0.023333
flower 0.693125 0.127500 0.046250 0.016667
flower 0.795625 0.185000 0.031250 0.025000
leaf 0.280625 0.599583 0.061250 0.035833
leaf 0.215625 0.612083 0.026250 0.029167
leaf 0.296875 0.507083 0.086250 0.099167
leaf 0.191875 0.517917 0.113750 0.124167
leaf 0.091250 0.534167 0.062500 0.043333
leaf 0.726250 0.640417 0.102500 0.072500
leaf 0.810625 0.629167 0.076250 0.105000
leaf 0.752500 0.553333 0.112500 0.118333
leaf 0.700625 0.483750 0.093750 0.049167
leaf 0.860000 0.503333 0.090000 0.115000
leaf 0.808125 0.456250 0.071250 0.054167
leaf 0.743750 0.402083 0.032500 0.047500
leaf 0.780000 0.404167 0.030000 0.051667
leaf 0.831250 0.420000 0.102500 0.026667
leaf 0.858125 0.397083 0.028750 0.024167
leaf 0.931250 0.387500 0.067500 0.071667
leaf 0.550000 0.426667 0.080000 0.060000
leaf 0.443125 0.418333 0.088750 0.043333
leaf 0.295000 0.390417 0.210000 0.082500
leaf 0.433125 0.372500 0.096250 0.051667
leaf 0.311250 0.339167 0.130000 0.038333
leaf 0.188125 0.318750 0.136250 0.052500
leaf 0.170000 0.279167 0.112500 0.035000
leaf 0.688750 0.307083 0.032500 0.035833
leaf 0.635000 0.262083 0.097500 0.070833
leaf 0.744375 0.210000 0.058750 0.113333
leaf 0.885625 0.175833 0.186250 0.115000
leaf 0.783125 0.132917 0.048750 0.070833
flower 0.781250 0.078333 0.085000 0.036667
leaf 0.733125 0.119167 0.061250 0.075000
leaf 0.631250 0.143333 0.057500 0.050000
leaf 0.681875 0.082500 0.063750 0.063333
leaf 0.586250 0.072083 0.062500 0.035833
stem 0.679375 0.372500 0.031250 0.091667
stem 0.527500 0.375000 0.037500 0.045000
stem 0.406250 0.493750 0.122500 0.135833
stem 0.185000 0.665833 0.127500 0.073333
stem 0.735625 0.720417 0.188750 0.075833
stem 0.906875 0.659167 0.121250 0.050000
stem 0.761250 0.471667 0.032500 0.070000
leaf 0.621250 0.043750 0.057500 0.047500
leaf 0.646875 0.202500 0.126250 0.083333
flower 0.055000 0.521250 0.060000 0.045833
leaf 0.440000 0.237917 0.222500 0.125833
