flower 0.201875 0.113333 0.058750 0.040000
flower 0.250625 0.260000 0.048750 0.026667
flower 0.656875 0.118750 0.048750 0.034167
flower 0.840625 0.269167 0.043750 0.025000
flower 0.807500 0.311250 0.070000 0.025833
flower 0.391875 0.322500 0.028750 0.036667
flower 0.546250 0.534583 0.057500 0.017500
flower 0.435000 0.550000 0.030000 0.021667
flower 0.525000 0.471667 0.030000 0.020000
flower 0.808750 0.560833 0.040000 0.025000
flower 0.298750 0.555000 0.042500 0.036667
leaf 0.813125 0.075833 0.273750 0.135000
leaf 0.261875 0.118333 0.068750 0.053333
leaf 0.163125 0.123333 0.063750 0.016667
leaf 0.183125 0.078750 0.061250 0.055833
leaf 0.774375 0.237917 0.148750 0.042500
leaf 0.467500 0.192917 0.312500 0.169167
leaf 0.716875 0.310417 0.253750 0.100833
leaf 0.502500 0.308750 0.152500 0.079167
leaf 0.269375 0.293333 0.121250 0.120000
leaf 0.376875 0.348333 0.073750 0.145000
leaf 0.517500 0.449167 0.210000 0.146667
leaf 0.817500 0.470000 0.335000 0.168333
leaf 0.801250 0.611250 0.082500 0.092500
leaf 0.849375 0.722500 0.083750 0.108333
leaf 0.584375 0.669583 0.166250 0.080833
leaf 0.455625 0.674583 0.146250 0.042500
leaf 0.312500 0.662083 0.060000 0.119167
leaf 0.121875 0.660833 0.148750 0.115000
leaf 0.440625 0.614583 0.126250 0.084167
leaf 0.528125 0.611667 0.096250 0.041667
leaf 0.598750 0.573750 0.225000 0.050833
leaf 0.469375 0.545417 0.058750 0.049167
leaf 0.345000 0.493750 0.170000 0.070833
leaf 0.226875 0.471250 0.053750 0.019167
leaf 0.095000 0.450833 0.170000 0.101667
stem 0.209375 0.195000 0.036250 0.096667
stem 0.684375 0.200000 0.063750 0.103333
stem 0.216250 0.412083 0.042500 0.107500
stem 0.693750 0.385833 0.075000 0.045000
stem 0.680000 0.422917 0.040000 0.030833
stem 0.637500 0.525417 0.027500 0.047500
stem 0.206875 0.547083 0.046250 0.107500
stem 0.333750 0.540000 0.027500 0.043333
stem 0.371250 0.447083 0.030000 0.040833
stem 0.431250 0.364167 0.020000 0.025000
stem 0.857500 0.589583 0.040000 0.049167
stem 0.606250 0.608750 0.050000 0.054167
stem 0.732500 0.693333 0.125000 0.076667
stem 0.601875 0.849583 0.173750 0.275833
stem 0.357500 0.686667 0.040000 0.053333
stem 0.300625 0.765417 0.081250 0.097500
stem 0.240000 0.639583 0.080000 0.050833
leaf 0.306875 0.214167 0.131250 0.100000
leaf 0.292500 0.579167 0.115000 0.073333
leaf 0.428125 0.840833 0.193750 0.111667
