flower 0.176250 0.568333 0.097500 0.043333
flower 0.277500 0.560000 0.037500 0.038333
flower 0.325625 0.491667 0.073750 0.060000
leaf 0.598750 0.190000 0.180000 0.086667
leaf 0.395625 0.127500 0.176250 0.105000
leaf 0.767500 0.225833 0.217500 0.155000
leaf 0.803125 0.128750 0.243750 0.097500
leaf 0.570625 0.292500 0.341250 0.091667
leaf 0.293125 0.265000 0.291250 0.176667
leaf 0.271250 0.370417 0.337500 0.152500
leaf 0.618125 0.476250 0.416250 0.114167
leaf 0.386250 0.518333 0.122500 0.060000
leaf 0.479375 0.610000 0.376250 0.160000
leaf 0.251250 0.696250 0.225000 0.125833
leaf 0.387500 0.761250 0.280000 0.119167
stem 0.595625 0.110000 0.166250 0.063333
stem 0.445000 0.210833 0.097500 0.068333
stem 0.418750 0.460833 0.032500 0.020000
stem 0.193750 0.612500 0.047500 0.041667
stem 0.119375 0.755833 0.221250 0.146667
leaf 0.486875 0.872500 0.293750 0.103333
