fruit 0.527500 0.371250 0.022500 0.015833
fruit 0.728750 0.325417 0.017500 0.010833
fruit 0.720625 0.313333 0.016250 0.006667
fruit 0.790000 0.365000 0.040000 0.020000
fruit 0.811875 0.295000 0.018750 0.015000
fruit 0.843125 0.300000 0.041250 0.026667
fruit 0.866875 0.287917 0.026250 0.017500
leaf 0.625000 0.507917 0.175000 0.060833
leaf 0.737500 0.433333 0.127500 0.056667
leaf 0.398125 0.553750 0.121250 0.050833
leaf 0.451250 0.517083 0.100000 0.065833
leaf 0.331875 0.492500 0.128750 0.088333
leaf 0.239375 0.455833 0.078750 0.048333
leaf 0.393750 0.361250 0.100000 0.097500
leaf 0.468750 0.287917 0.140000 0.059167
leaf 0.534375 0.230833 0.083750 0.095000
leaf 0.616875 0.236667 0.098750 0.075000
leaf 0.620625 0.408750 0.123750 0.055833
leaf 0.793125 0.387083 0.166250 0.047500
leaf 0.869375 0.316667 0.091250 0.045000
leaf 0.845000 0.235417 0.090000 0.084167
leaf 0.752500 0.231667 0.100000 0.080000
stem 0.485625 0.632917 0.151250 0.137500
stem 0.535625 0.442083 0.038750 0.127500
stem 0.578125 0.457083 0.071250 0.044167
stem 0.501875 0.416667 0.023750 0.063333
leaf 0.215000 0.401667 0.097500 0.065000
leaf 0.327500 0.401250 0.120000 0.099167
leaf 0.452500 0.451250 0.120000 0.074167
leaf 0.485000 0.365833 0.087500 0.091667
leaf 0.767500 0.321250 0.095000 0.090833
leaf 0.668125 0.322917 0.108750 0.114167
leaf 0.571875 0.322917 0.076250 0.110833
