fruit 0.566875 0.091250 0.028750 0.025833
fruit 0.601875 0.061250 0.046250 0.020833
fruit 0.546875 0.060417 0.046250 0.019167
fruit 0.397500 0.066667 0.030000 0.023333
fruit 0.358125 0.126250 0.048750 0.029167
fruit 0.427500 0.133333 0.055000 0.040000
fruit 0.394375 0.104167 0.036250 0.025000
fruit 0.267500 0.185833 0.067500 0.038333
fruit 0.323125 0.224167 0.078750 0.056667
fruit 0.228125 0.230000 0.086250 0.058333
fruit 0.310000 0.285833 0.117500 0.068333
fruit 0.197500 0.293333 0.110000 0.070000
fruit 0.297500 0.362083 0.110000 0.084167
fruit 0.202500 0.361667 0.105000 0.066667
fruit 0.311250 0.465000 0.065000 0.046667
fruit 0.847500 0.566667 0.090000 0.050000
fruit 0.908750 0.573333 0.032500 0.063333
fruit 0.909375 0.636250 0.031250 0.025833
fruit 0.772500 0.342500 0.035000 0.018333
fruit 0.825625 0.310000 0.078750 0.046667
fruit 0.861875 0.346250 0.098750 0.055833
fruit 0.890625 0.294167 0.063750 0.068333
leaf 0.714375 0.203333 0.188750 0.080000
leaf 0.681875 0.282917 0.181250 0.110833
leaf 0.485000 0.084167 0.115000 0.108333
leaf 0.183750 0.622917 0.195000 0.105833
leaf 0.415000 0.625833 0.142500 0.135000
leaf 0.226875 0.741667 0.203750 0.126667
leaf 0.444375 0.723333 0.178750 0.091667
leaf 0.855000 0.641667 0.107500 0.076667
leaf 0.745000 0.740833 0.250000 0.135000
leaf 0.668750 0.619583 0.225000 0.194167
leaf 0.683750 0.476667 0.092500 0.095000
leaf 0.791875 0.401667 0.166250 0.076667
stem 0.590000 0.128333 0.030000 0.080000
stem 0.610000 0.182083 0.055000 0.024167
stem 0.551250 0.282500 0.080000 0.088333
stem 0.568125 0.435417 0.126250 0.230833
stem 0.750625 0.357917 0.061250 0.022500
stem 0.668750 0.393750 0.055000 0.032500
stem 0.295000 0.604583 0.022500 0.060833
stem 0.446250 0.832917 0.167500 0.149167
stem 0.573125 0.746250 0.081250 0.054167
stem 0.771250 0.662083 0.040000 0.019167
leaf 0.160625 0.477083 0.266250 0.174167
leaf 0.442500 0.192917 0.285000 0.135833
