flower 0.450000 0.789583 0.025000 0.014167
flower 0.425625 0.791250 0.016250 0.014167
flower 0.527500 0.732500 0.020000 0.010000
flower 0.465000 0.704583 0.020000 0.017500
flower 0.455000 0.687500 0.045000 0.028333
flower 0.421250 0.688750 0.022500 0.017500
flower 0.401875 0.666667 0.046250 0.023333
flower 0.357500 0.786250 0.037500 0.022500
flower 0.182500 0.576250 0.022500 0.015833
flower 0.153750 0.563333 0.022500 0.015000
flower 0.219375 0.553750 0.026250 0.010833
flower 0.248125 0.559583 0.023750 0.010833
flower 0.276875 0.561667 0.013750 0.013333
flower 0.298125 0.530000 0.023750 0.023333
flower 0.648750 0.428750 0.022500 0.015833
flower 0.686250 0.408750 0.050000 0.024167
flower 0.798125 0.309167 0.026250 0.015000
flower 0.813750 0.273333 0.040000 0.030000
flower 0.810625 0.238333 0.066250 0.036667
flower 0.763125 0.245000 0.023750 0.016667
leaf 0.715000 0.251667 0.142500 0.116667
leaf 0.823125 0.352083 0.076250 0.074167
leaf 0.533750 0.380833 0.257500 0.075000
leaf 0.685625 0.488333 0.228750 0.123333
leaf 0.243125 0.440833 0.238750 0.143333
flower 0.276250 0.363750 0.032500 0.020833
leaf 0.378750 0.549583 0.170000 0.045833
leaf 0.165000 0.615833 0.070000 0.065000
leaf 0.275000 0.603333 0.130000 0.080000
leaf 0.545000 0.687500 0.165000 0.061667
leaf 0.319375 0.664167 0.231250 0.086667
leaf 0.326250 0.739167 0.127500 0.078333
leaf 0.378125 0.814167 0.103750 0.073333
leaf 0.543125 0.789583 0.161250 0.090833
stem 0.560000 0.604583 0.227500 0.104167
stem 0.618125 0.723333 0.046250 0.206667
stem 0.677500 0.335417 0.035000 0.034167
stem 0.437500 0.772500 0.052500 0.011667
stem 0.258125 0.718750 0.028750 0.040833
leaf 0.215000 0.517083 0.152500 0.075833
leaf 0.773750 0.413750 0.102500 0.059167
leaf 0.741875 0.340000 0.078750 0.056667
