flower 0.274375 0.590000 0.038750 0.033333
flower 0.664375 0.296250 0.041250 0.029167
flower 0.738750 0.230417 0.057500 0.035833
flower 0.637500 0.210833 0.050000 0.030000
flower 0.605625 0.139583 0.033750 0.022500
flower 0.809375 0.105000 0.096250 0.086667
flower 0.332500 0.121250 0.107500 0.040833
flower 0.273125 0.094583 0.121250 0.084167
flower 0.401875 0.522500 0.136250 0.098333
leaf 0.326250 0.192917 0.162500 0.124167
leaf 0.216875 0.138333 0.066250 0.100000
leaf 0.193750 0.230833 0.090000 0.125000
leaf 0.160000 0.319583 0.105000 0.110833
leaf 0.276250 0.321667 0.117500 0.138333
leaf 0.873125 0.132083 0.058750 0.077500
leaf 0.844375 0.223333 0.118750 0.095000
leaf 0.666875 0.185417 0.063750 0.092500
leaf 0.583750 0.156250 0.072500 0.040833
leaf 0.663125 0.257083 0.103750 0.067500
leaf 0.543750 0.275000 0.132500 0.035000
leaf 0.711250 0.279167 0.082500 0.063333
leaf 0.641250 0.325833 0.130000 0.065000
leaf 0.771875 0.314167 0.101250 0.113333
leaf 0.868125 0.396667 0.126250 0.110000
leaf 0.840625 0.469167 0.076250 0.065000
leaf 0.758125 0.420417 0.098750 0.089167
leaf 0.668750 0.402500 0.055000 0.050000
leaf 0.674375 0.451250 0.043750 0.055833
leaf 0.760000 0.502500 0.080000 0.080000
leaf 0.321875 0.445417 0.103750 0.064167
leaf 0.250000 0.511250 0.115000 0.114167
leaf 0.208750 0.567083 0.132500 0.047500
leaf 0.461875 0.560417 0.063750 0.114167
leaf 0.359375 0.542917 0.051250 0.050833
leaf 0.356875 0.627500 0.121250 0.116667
leaf 0.492500 0.655833 0.092500 0.075000
leaf 0.501875 0.650000 0.096250 0.103333
leaf 0.401250 0.726667 0.087500 0.083333
leaf 0.643750 0.667917 0.060000 0.074167
leaf 0.684375 0.750000 0.133750 0.093333
leaf 0.756875 0.679167 0.116250 0.063333
leaf 0.735000 0.599167 0.125000 0.100000
stem 0.816250 0.557917 0.040000 0.092500
stem 0.228750 0.413333 0.032500 0.121667
stem 0.884375 0.301667 0.031250 0.050000
stem 0.543125 0.709167 0.008750 0.118333
leaf 0.575625 0.220833 0.083750 0.098333
leaf 0.794375 0.157083 0.096250 0.050833
leaf 0.936250 0.180000 0.067500 0.110000
leaf 0.579375 0.571250 0.136250 0.207500
leaf 0.578750 0.732083 0.065000 0.089167
leaf 0.518125 0.893750 0.158750 0.115833
leaf 0.451875 0.812083 0.071250 0.074167
leaf 0.530000 0.801250 0.100000 0.069167
leaf 0.498125 0.736667 0.108750 0.085000
stem 0.623750 0.847917 0.055000 0.087500
