flower 0.268125 0.123333 0.068750 0.026667
flower 0.140625 0.177500 0.046250 0.038333
flower 0.178125 0.132917 0.101250 0.067500
flower 0.489375 0.141667 0.058750 0.040000
flower 0.637500 0.099583 0.060000 0.030833
flower 0.406250 0.277500 0.085000 0.041667
leaf 0.657500 0.644583 0.187500 0.149167
leaf 0.470000 0.686250 0.130000 0.165833
leaf 0.663750 0.743750 0.115000 0.092500
leaf 0.583125 0.771667 0.098750 0.093333
leaf 0.426250 0.552083 0.165000 0.099167
leaf 0.473750 0.485417 0.142500 0.072500
leaf 0.615000 0.442500 0.137500 0.138333
leaf 0.518125 0.390833 0.131250 0.133333
leaf 0.389375 0.379583 0.131250 0.142500
leaf 0.173125 0.417083 0.188750 0.075833
leaf 0.205625 0.354583 0.138750 0.104167
leaf 0.574375 0.291667 0.236250 0.078333
leaf 0.563125 0.193333 0.196250 0.145000
leaf 0.740000 0.192083 0.157500 0.230833
leaf 0.345625 0.232500 0.191250 0.160000
leaf 0.148750 0.242917 0.205000 0.135833
stem 0.291875 0.431667 0.051250 0.223333
stem 0.251250 0.728333 0.032500 0.030000
stem 0.807500 0.474583 0.195000 0.277500
stem 0.516250 0.556667 0.045000 0.093333
stem 0.532500 0.635417 0.020000 0.064167
stem 0.480000 0.873333 0.102500 0.190000
leaf 0.556875 0.107083 0.131250 0.052500
