flower 0.627500 0.735000 0.060000 0.053333
flower 0.640625 0.695000 0.063750 0.040000
flower 0.574375 0.525000 0.051250 0.023333
flower 0.519375 0.495417 0.053750 0.034167
flower 0.499375 0.459167 0.051250 0.045000
leaf 0.686250 0.362500 0.267500 0.351667
leaf 0.329375 0.475833 0.336250 0.416667
leaf 0.756875 0.485833 0.063750 0.035000
leaf 0.818750 0.560000 0.337500 0.266667
stem 0.536875 0.438750 0.023750 0.084167
stem 0.692500 0.543333 0.065000 0.055000
stem 0.518750 0.595000 0.032500 0.113333
stem 0.544375 0.782500 0.128750 0.193333
leaf 0.450000 0.211250 0.420000 0.344167
