flower 0.273125 0.147917 0.021250 0.017500
flower 0.271250 0.176250 0.012500 0.010833
flower 0.263125 0.197083 0.018750 0.014167
flower 0.267500 0.227500 0.012500 0.011667
flower 0.268125 0.271250 0.006250 0.009167
flower 0.285000 0.290417 0.022500 0.012500
flower 0.291250 0.337083 0.020000 0.015833
flower 0.164375 0.376250 0.021250 0.010833
flower 0.155625 0.355833 0.018750 0.015000
flower 0.254375 0.386667 0.016250 0.013333
flower 0.189375 0.397917 0.013750 0.009167
flower 0.286250 0.364583 0.012500 0.017500
flower 0.205625 0.465417 0.013750 0.014167
flower 0.268750 0.411250 0.030000 0.027500
flower 0.293750 0.452083 0.020000 0.009167
flower 0.318125 0.443333 0.021250 0.015000
flower 0.353750 0.444167 0.022500 0.015000
flower 0.403125 0.698333 0.016250 0.010000
flower 0.452500 0.530833 0.017500 0.018333
flower 0.565625 0.311667 0.011250 0.010000
flower 0.605625 0.273750 0.023750 0.007500
flower 0.521250 0.670417 0.010000 0.005833
flower 0.561875 0.652917 0.011250 0.007500
flower 0.632500 0.610833 0.010000 0.008333
flower 0.666875 0.593750 0.013750 0.010833
flower 0.836875 0.606667 0.013750 0.008333
flower 0.882500 0.606250 0.015000 0.010833
flower 0.919375 0.604167 0.008750 0.010000
leaf 0.234375 0.152500 0.073750 0.096667
leaf 0.325000 0.127500 0.142500 0.105000
leaf 0.333750 0.219167 0.175000 0.070000
leaf 0.149375 0.337500 0.146250 0.108333
leaf 0.463125 0.770000 0.098750 0.056667
leaf 0.867500 0.662500 0.235000 0.100000
leaf 0.816875 0.502083 0.176250 0.112500
stem 0.229375 0.635000 0.161250 0.325000
stem 0.201250 0.429167 0.027500 0.046667
stem 0.257500 0.455417 0.030000 0.049167
stem 0.461250 0.498333 0.027500 0.030000
stem 0.441875 0.640000 0.088750 0.195000
stem 0.343750 0.758333 0.140000 0.105000
leaf 0.537500 0.427500 0.182500 0.128333
leaf 0.585000 0.332500 0.135000 0.083333
leaf 0.491875 0.322500 0.081250 0.090000
leaf 0.631875 0.226250 0.096250 0.105833
stem 0.288125 0.387083 0.023750 0.027500
stem 0.278750 0.314583 0.015000 0.030833
stem 0.261875 0.267917 0.006250 0.030833
leaf 0.550625 0.238750 0.103750 0.092500
leaf 0.901875 0.554583 0.173750 0.097500
leaf 0.705625 0.529583 0.093750 0.125833
leaf 0.584375 0.607917 0.148750 0.124167
leaf 0.734375 0.609583 0.183750 0.050833
leaf 0.578750 0.731667 0.165000 0.118333
leaf 0.710625 0.703750 0.116250 0.165833
