flower 0.199375 0.322917 0.056250 0.027500
flower 0.445000 0.160833 0.062500 0.035000
leaf 0.723125 0.161250 0.218750 0.184167
leaf 0.749375 0.275417 0.236250 0.135833
leaf 0.464375 0.224583 0.276250 0.124167
leaf 0.351250 0.297083 0.117500 0.205833
leaf 0.508125 0.432917 0.136250 0.062500
leaf 0.270000 0.454583 0.347500 0.132500
stem 0.546875 0.193333 0.128750 0.093333
stem 0.277500 0.364167 0.115000 0.048333
stem 0.385625 0.410833 0.038750 0.026667
stem 0.610625 0.386667 0.056250 0.156667
stem 0.572500 0.630833 0.222500 0.316667
