flower 0.758750 0.394583 0.097500 0.074167
flower 0.208750 0.575417 0.100000 0.075833
flower 0.338750 0.670417 0.092500 0.084167
leaf 0.375000 0.060000 0.225000 0.103333
leaf 0.503125 0.151250 0.233750 0.085833
leaf 0.228125 0.224167 0.253750 0.098333
leaf 0.115000 0.332917 0.220000 0.162500
leaf 0.671250 0.227500 0.187500 0.138333
leaf 0.838750 0.250833 0.145000 0.180000
leaf 0.875000 0.377500 0.087500 0.071667
flower 0.791250 0.349583 0.032500 0.025833
leaf 0.646875 0.357500 0.168750 0.160000
leaf 0.400000 0.487083 0.155000 0.079167
leaf 0.705625 0.591667 0.206250 0.093333
leaf 0.381875 0.616250 0.093750 0.050833
leaf 0.233750 0.627500 0.105000 0.096667
leaf 0.306875 0.743750 0.081250 0.057500
stem 0.369375 0.176250 0.051250 0.054167
stem 0.293125 0.417917 0.068750 0.334167
stem 0.388750 0.768333 0.080000 0.056667
stem 0.743125 0.711667 0.088750 0.171667
stem 0.760625 0.500000 0.031250 0.130000
stem 0.754375 0.284167 0.016250 0.058333
