flower 0.493125 0.073333 0.153750 0.045000
leaf 0.888750 0.093333 0.060000 0.053333
leaf 0.599375 0.109583 0.111250 0.115833
leaf 0.450000 0.135833 0.165000 0.083333
leaf 0.754375 0.383750 0.106250 0.130833
leaf 0.630000 0.367083 0.155000 0.187500
leaf 0.462500 0.419167 0.295000 0.141667
leaf 0.154375 0.614583 0.141250 0.122500
leaf 0.499375 0.722500 0.158750 0.101667
leaf 0.496250 0.614167 0.162500 0.068333
leaf 0.295625 0.536250 0.143750 0.165833
leaf 0.363750 0.692500 0.145000 0.201667
stem 0.281875 0.234583 0.211250 0.355833
stem 0.600000 0.222917 0.205000 0.107500
stem 0.738750 0.142917 0.217500 0.082500
stem 0.710625 0.301250 0.051250 0.090833
stem 0.763125 0.543750 0.383750 0.174167
stem 0.401250 0.530833 0.087500 0.116667
stem 0.253750 0.644583 0.082500 0.054167
stem 0.391250 0.791250 0.070000 0.105833
stem 0.492500 0.785833 0.107500 0.028333
leaf 0.467500 0.841250 0.110000 0.085833
