flower 0.300625 0.136667 0.066250 0.033333
flower 0.343750 0.314167 0.055000 0.040000
flower 0.434375 0.440000 0.053750 0.045000
leaf 0.362500 0.074167 0.170000 0.128333
leaf 0.201875 0.111667 0.156250 0.080000
leaf 0.434375 0.208750 0.158750 0.159167
leaf 0.241250 0.223333 0.225000 0.170000
leaf 0.356250 0.437083 0.125000 0.077500
leaf 0.537500 0.377917 0.242500 0.157500
leaf 0.584375 0.548750 0.173750 0.227500
leaf 0.367500 0.581250 0.257500 0.190833
leaf 0.301875 0.705833 0.348750 0.190000
leaf 0.415000 0.855417 0.175000 0.100833
leaf 0.641875 0.728750 0.238750 0.122500
stem 0.377500 0.367500 0.045000 0.068333
stem 0.458125 0.482500 0.033750 0.031667
stem 0.513750 0.663333 0.025000 0.273333
leaf 0.601250 0.845833 0.092500 0.126667
stem 0.528750 0.876250 0.050000 0.162500
