flower 0.658750 0.411667 0.072500 0.066667
flower 0.590625 0.417500 0.043750 0.028333
flower 0.611250 0.381250 0.025000 0.027500
flower 0.581875 0.385833 0.053750 0.023333
flower 0.597500 0.336250 0.075000 0.055833
flower 0.533125 0.336250 0.046250 0.049167
flower 0.486250 0.326667 0.062500 0.050000
flower 0.429375 0.384167 0.018750 0.035000
flower 0.454375 0.339167 0.056250 0.041667
flower 0.375625 0.366250 0.103750 0.065833
leaf 0.599375 0.538333 0.178750 0.248333
leaf 0.359375 0.561667 0.273750 0.261667
stem 0.532500 0.408333 0.067500 0.073333
stem 0.443125 0.423333 0.036250 0.035000
stem 0.468750 0.457917 0.030000 0.037500
stem 0.501875 0.477083 0.053750 0.059167
stem 0.504375 0.612500 0.016250 0.223333
