flower 0.144375 0.110417 0.043750 0.037500
flower 0.143750 0.198333 0.040000 0.026667
flower 0.213125 0.252500 0.033750 0.028333
flower 0.281875 0.279583 0.033750 0.022500
flower 0.288750 0.319583 0.030000 0.019167
flower 0.373750 0.340833 0.032500 0.025000
flower 0.424375 0.393333 0.031250 0.023333
flower 0.396875 0.397500 0.038750 0.021667
flower 0.131250 0.446667 0.050000 0.033333
flower 0.115000 0.428333 0.025000 0.010000
flower 0.160000 0.495000 0.065000 0.026667
flower 0.210625 0.534167 0.028750 0.025000
flower 0.250625 0.563750 0.061250 0.035833
flower 0.310625 0.575417 0.076250 0.027500
flower 0.355000 0.611667 0.040000 0.030000
flower 0.403125 0.648750 0.051250 0.029167
flower 0.464375 0.671250 0.033750 0.030833
flower 0.647500 0.700833 0.042500 0.033333
flower 0.716250 0.680833 0.042500 0.025000
flower 0.750000 0.637500 0.047500 0.028333
flower 0.798125 0.608333 0.021250 0.020000
flower 0.810000 0.565833 0.045000 0.035000
flower 0.857500 0.525000 0.040000 0.028333
flower 0.486875 0.558333 0.026250 0.020000
flower 0.461250 0.511667 0.047500 0.040000
flower 0.637500 0.429167 0.040000 0.015000
flower 0.635625 0.410000 0.053750 0.026667
flower 0.850000 0.405833 0.035000 0.025000
flower 0.724375 0.370833 0.041250 0.018333
leaf 0.378750 0.050417 0.132500 0.099167
leaf 0.200000 0.152917 0.147500 0.084167
leaf 0.182500 0.065833 0.060000 0.081667
leaf 0.250625 0.230000 0.101250 0.073333
leaf 0.073125 0.157083 0.118750 0.085833
leaf 0.423125 0.233750 0.183750 0.117500
flower 0.735000 0.238750 0.040000 0.029167
leaf 0.657500 0.280000 0.185000 0.086667
leaf 0.697500 0.336250 0.120000 0.050833
leaf 0.865000 0.347083 0.045000 0.070833
leaf 0.815625 0.369167 0.066250 0.078333
leaf 0.785625 0.422500 0.081250 0.108333
leaf 0.858125 0.461250 0.078750 0.102500
leaf 0.630000 0.464167 0.152500 0.065000
leaf 0.504375 0.374167 0.148750 0.098333
leaf 0.302500 0.372500 0.150000 0.081667
leaf 0.333125 0.479583 0.188750 0.140833
flower 0.101250 0.373333 0.040000 0.020000
flower 0.098125 0.438750 0.031250 0.020833
leaf 0.073750 0.345417 0.100000 0.087500
leaf 0.166875 0.396250 0.131250 0.097500
leaf 0.191875 0.545417 0.158750 0.079167
leaf 0.315000 0.640833 0.175000 0.076667
leaf 0.529375 0.609583 0.133750 0.122500
leaf 0.577500 0.713750 0.175000 0.145833
leaf 0.734375 0.719167 0.173750 0.103333
stem 0.183750 0.207500 0.030000 0.018333
stem 0.491250 0.452917 0.127500 0.065833
stem 0.678750 0.386250 0.037500 0.020833
stem 0.397500 0.370833 0.022500 0.018333
stem 0.423750 0.619167 0.085000 0.011667
stem 0.451250 0.597500 0.042500 0.048333
stem 0.790000 0.635000 0.027500 0.030000
stem 0.470625 0.752083 0.046250 0.127500
