flower 0.163125 0.168750 0.028750 0.029167
flower 0.140000 0.137917 0.020000 0.030833
flower 0.216875 0.120417 0.036250 0.024167
flower 0.132500 0.093750 0.022500 0.017500
flower 0.166250 0.085000 0.020000 0.013333
flower 0.221250 0.057500 0.030000 0.013333
flower 0.225625 0.082917 0.031250 0.014167
flower 0.688750 0.132500 0.037500 0.023333
flower 0.661250 0.150000 0.022500 0.021667
flower 0.636875 0.153333 0.016250 0.015000
flower 0.623750 0.133750 0.027500 0.019167
flower 0.616875 0.102500 0.043750 0.028333
flower 0.663125 0.092083 0.031250 0.015833
leaf 0.633125 0.465417 0.131250 0.052500
leaf 0.736250 0.450833 0.057500 0.071667
leaf 0.657500 0.379167 0.075000 0.103333
leaf 0.740000 0.397917 0.080000 0.062500
leaf 0.744375 0.348333 0.093750 0.045000
leaf 0.721875 0.308333 0.058750 0.070000
leaf 0.658125 0.282917 0.066250 0.114167
leaf 0.710000 0.231667 0.067500 0.086667
leaf 0.701875 0.152917 0.071250 0.042500
leaf 0.615000 0.146667 0.060000 0.050000
leaf 0.650625 0.119167 0.036250 0.056667
leaf 0.693750 0.107917 0.055000 0.029167
leaf 0.601250 0.101667 0.060000 0.045000
leaf 0.652500 0.074583 0.047500 0.047500
leaf 0.224375 0.356667 0.081250 0.108333
leaf 0.146875 0.280833 0.073750 0.083333
leaf 0.166875 0.217500 0.036250 0.070000
leaf 0.248125 0.258750 0.123750 0.120833
leaf 0.158750 0.138333 0.090000 0.085000
leaf 0.258750 0.150833 0.122500 0.095000
leaf 0.268125 0.077917 0.108750 0.055833
leaf 0.195000 0.071250 0.027500 0.077500
flower 0.158750 0.084583 0.032500 0.014167
flower 0.177500 0.058750 0.020000 0.015833
leaf 0.148750 0.065833 0.035000 0.020000
stem 0.244375 0.479167 0.071250 0.131667
stem 0.711875 0.510417 0.018750 0.034167
stem 0.667500 0.200833 0.012500 0.025000
leaf 0.226250 0.030000 0.062500 0.040000
