flower 0.575000 0.113750 0.025000 0.022500
flower 0.550000 0.102083 0.022500 0.022500
flower 0.577500 0.235833 0.032500 0.021667
flower 0.633750 0.289167 0.022500 0.015000
flower 0.641250 0.122500 0.025000 0.018333
flower 0.745000 0.130833 0.030000 0.025000
flower 0.724375 0.132917 0.028750 0.027500
flower 0.710625 0.101667 0.028750 0.030000
flower 0.684375 0.107500 0.023750 0.021667
leaf 0.666875 0.315417 0.018750 0.012500
leaf 0.664375 0.349583 0.031250 0.032500
leaf 0.800000 0.526250 0.230000 0.185833
leaf 0.571875 0.488333 0.241250 0.218333
leaf 0.555000 0.620833 0.100000 0.045000
leaf 0.388125 0.624167 0.108750 0.035000
stem 0.610000 0.162083 0.082500 0.062500
stem 0.670000 0.162917 0.067500 0.059167
stem 0.668750 0.219167 0.055000 0.175000
stem 0.605625 0.267917 0.036250 0.034167
stem 0.672500 0.398333 0.022500 0.060000
stem 0.659375 0.683333 0.071250 0.110000
leaf 0.578125 0.729583 0.101250 0.074167
stem 0.534375 0.668750 0.073750 0.050833
stem 0.631875 0.647083 0.066250 0.052500
stem 0.475000 0.618750 0.047500 0.044167
stem 0.436875 0.595417 0.036250 0.019167
root 0.213125 0.401667 0.316250 0.160000
root 0.370000 0.516250 0.127500 0.147500
root 0.351250 0.677083 0.020000 0.070833
root 0.203750 0.547917 0.252500 0.160833
root 0.356875 0.585000 0.146250 0.053333
