flower 0.763750 0.377083 0.050000 0.029167
flower 0.686250 0.196250 0.047500 0.034167
flower 0.359375 0.192917 0.061250 0.037500
flower 0.233125 0.122500 0.051250 0.033333
leaf 0.738125 0.163750 0.151250 0.180833
leaf 0.624375 0.147917 0.136250 0.180833
leaf 0.835625 0.337083 0.161250 0.212500
leaf 0.631250 0.408750 0.242500 0.067500
leaf 0.450625 0.575417 0.071250 0.040833
leaf 0.445625 0.508333 0.121250 0.105000
leaf 0.262500 0.533750 0.180000 0.062500
leaf 0.240000 0.400417 0.160000 0.157500
leaf 0.315000 0.288750 0.300000 0.100833
leaf 0.396250 0.210417 0.237500 0.052500
leaf 0.193125 0.236667 0.046250 0.060000
leaf 0.311875 0.169167 0.221250 0.061667
leaf 0.162500 0.099167 0.082500 0.151667
stem 0.636250 0.266667 0.042500 0.040000
stem 0.451875 0.639167 0.231250 0.088333
stem 0.701875 0.629583 0.261250 0.349167
stem 0.136875 0.311250 0.051250 0.242500
leaf 0.273125 0.077083 0.141250 0.122500
