fruit 0.580625 0.741667 0.041250 0.023333
fruit 0.560000 0.668750 0.030000 0.025833
fruit 0.541875 0.642083 0.041250 0.019167
fruit 0.612500 0.581250 0.050000 0.035833
fruit 0.824375 0.494167 0.033750 0.015000
fruit 0.726875 0.362083 0.036250 0.029167
fruit 0.766250 0.319583 0.030000 0.022500
fruit 0.817500 0.287500 0.025000 0.021667
fruit 0.668125 0.252500 0.038750 0.026667
fruit 0.687500 0.229167 0.030000 0.025000
fruit 0.281875 0.448333 0.026250 0.025000
fruit 0.272500 0.412917 0.035000 0.032500
fruit 0.301250 0.411250 0.022500 0.019167
fruit 0.330625 0.371250 0.028750 0.020833
fruit 0.275000 0.381250 0.047500 0.024167
fruit 0.230625 0.356667 0.038750 0.040000
fruit 0.284375 0.361667 0.036250 0.018333
fruit 0.323125 0.346250 0.021250 0.024167
fruit 0.345000 0.335417 0.030000 0.025833
fruit 0.279375 0.332500 0.028750 0.020000
fruit 0.269375 0.313333 0.043750 0.020000
fruit 0.286875 0.272917 0.026250 0.022500
leaf 0.446875 0.486250 0.136250 0.214167
leaf 0.570000 0.484583 0.140000 0.224167
leaf 0.723125 0.417500 0.156250 0.131667
leaf 0.693750 0.346667 0.210000 0.091667
leaf 0.384375 0.230833 0.138750 0.191667
leaf 0.226875 0.222917 0.176250 0.215833
leaf 0.567500 0.164583 0.240000 0.190833
leaf 0.778125 0.179583 0.226250 0.269167
stem 0.323125 0.633750 0.106250 0.332500
stem 0.608750 0.640833 0.062500 0.068333
stem 0.520000 0.637917 0.030000 0.062500
stem 0.553125 0.703333 0.078750 0.046667
stem 0.553750 0.794167 0.130000 0.083333
stem 0.758125 0.603750 0.103750 0.262500
stem 0.801875 0.450000 0.056250 0.063333
