fruit 0.493125 0.308333 0.041250 0.023333
fruit 0.611875 0.393333 0.026250 0.026667
leaf 0.811250 0.258333 0.207500 0.120000
leaf 0.565000 0.301667 0.277500 0.155000
leaf 0.741250 0.349583 0.077500 0.064167
leaf 0.403750 0.475833 0.100000 0.248333
leaf 0.286875 0.555000 0.296250 0.126667
leaf 0.280000 0.705000 0.315000 0.190000
leaf 0.566875 0.740000 0.168750 0.055000
leaf 0.442500 0.671667 0.042500 0.100000
root 0.728750 0.612917 0.152500 0.264167
root 0.515000 0.652500 0.102500 0.138333
root 0.869375 0.349167 0.161250 0.085000
root 0.757500 0.422500 0.092500 0.080000
fruit 0.380625 0.316667 0.098750 0.093333
