leaf 0.665000 0.163333 0.185000 0.116667
leaf 0.497500 0.151667 0.142500 0.140000
leaf 0.336875 0.198333 0.268750 0.120000
leaf 0.696250 0.240417 0.252500 0.065833
leaf 0.600625 0.367917 0.216250 0.225833
leaf 0.426250 0.456250 0.142500 0.230833
leaf 0.218125 0.470833 0.258750 0.198333
leaf 0.306875 0.653750 0.258750 0.170833
leaf 0.651250 0.740417 0.222500 0.145833
leaf 0.622500 0.647917 0.065000 0.029167
leaf 0.513125 0.604167 0.148750 0.133333
stem 0.496875 0.715417 0.093750 0.085833
stem 0.459375 0.312500 0.053750 0.061667
stem 0.555000 0.242083 0.040000 0.024167
