fruit 0.284375 0.653333 0.098750 0.063333
fruit 0.431250 0.655417 0.065000 0.037500
fruit 0.490625 0.739167 0.083750 0.058333
fruit 0.285000 0.483750 0.052500 0.039167
stem 0.650000 0.534583 0.052500 0.077500
stem 0.408750 0.708333 0.060000 0.083333
stem 0.552500 0.714167 0.050000 0.118333
leaf 0.614375 0.705417 0.071250 0.140833
leaf 0.564375 0.624583 0.206250 0.112500
leaf 0.296250 0.445833 0.177500 0.401667
leaf 0.475625 0.403750 0.191250 0.369167
leaf 0.726250 0.334167 0.302500 0.310000
leaf 0.235000 0.159583 0.152500 0.134167
leaf 0.453125 0.139167 0.301250 0.255000
stem 0.518125 0.863750 0.136250 0.179167
