flower 0.536875 0.599583 0.048750 0.032500
flower 0.633125 0.682083 0.036250 0.034167
flower 0.662500 0.672083 0.015000 0.015833
flower 0.620625 0.640833 0.031250 0.016667
flower 0.643750 0.465833 0.052500 0.018333
flower 0.516250 0.283333 0.050000 0.038333
flower 0.485625 0.298750 0.028750 0.034167
flower 0.455625 0.282083 0.043750 0.037500
flower 0.490000 0.242917 0.040000 0.020833
flower 0.473125 0.223750 0.063750 0.019167
flower 0.315000 0.212917 0.050000 0.030833
flower 0.363750 0.194167 0.055000 0.041667
flower 0.323125 0.170833 0.051250 0.045000
flower 0.174375 0.157917 0.031250 0.020833
flower 0.224375 0.166250 0.053750 0.025833
flower 0.218125 0.133333 0.081250 0.041667
flower 0.270625 0.144583 0.021250 0.017500
leaf 0.183750 0.185417 0.095000 0.049167
leaf 0.265000 0.190000 0.065000 0.073333
leaf 0.218750 0.250417 0.062500 0.070833
leaf 0.312500 0.311250 0.102500 0.065833
leaf 0.665625 0.682083 0.176250 0.084167
leaf 0.656250 0.607917 0.110000 0.065833
leaf 0.488750 0.567917 0.115000 0.059167
leaf 0.405000 0.519167 0.070000 0.048333
leaf 0.412500 0.472917 0.140000 0.055833
leaf 0.366875 0.429583 0.088750 0.065833
leaf 0.769375 0.574583 0.098750 0.074167
leaf 0.491250 0.512917 0.090000 0.047500
leaf 0.884375 0.565417 0.133750 0.050833
leaf 0.822500 0.513333 0.165000 0.053333
leaf 0.639375 0.532500 0.191250 0.088333
leaf 0.551875 0.479167 0.086250 0.045000
leaf 0.521250 0.441667 0.060000 0.060000
leaf 0.771875 0.452917 0.193750 0.079167
leaf 0.626250 0.433333 0.135000 0.050000
leaf 0.648125 0.352917 0.186250 0.129167
stem 0.402500 0.282083 0.057500 0.030833
stem 0.472500 0.615417 0.090000 0.032500
stem 0.381875 0.572500 0.101250 0.063333
stem 0.221875 0.455833 0.203750 0.225000
leaf 0.433750 0.312917 0.085000 0.039167
leaf 0.498125 0.240000 0.113750 0.055000
leaf 0.425000 0.231667 0.067500 0.060000
leaf 0.511875 0.181667 0.088750 0.058333
leaf 0.416875 0.172917 0.071250 0.067500
leaf 0.463125 0.142083 0.063750 0.072500
stem 0.247500 0.317500 0.022500 0.051667
leaf 0.559375 0.634583 0.078750 0.040833
