flower 0.838750 0.132500 0.047500 0.018333
flower 0.403125 0.128333 0.023750 0.018333
flower 0.392500 0.109167 0.032500 0.015000
flower 0.129375 0.105833 0.033750 0.015000
flower 0.241875 0.432083 0.028750 0.010833
flower 0.510000 0.517083 0.037500 0.019167
flower 0.517500 0.672083 0.015000 0.015833
flower 0.721875 0.585417 0.018750 0.015833
flower 0.698750 0.672500 0.022500 0.016667
flower 0.763125 0.513750 0.023750 0.014167
flower 0.843750 0.404167 0.027500 0.020000
flower 0.873750 0.397083 0.017500 0.012500
flower 0.885000 0.362083 0.035000 0.014167
leaf 0.861250 0.378750 0.035000 0.014167
leaf 0.890625 0.390833 0.018750 0.028333
leaf 0.837500 0.425000 0.062500 0.023333
leaf 0.810625 0.460833 0.068750 0.025000
leaf 0.722500 0.518750 0.057500 0.024167
leaf 0.696875 0.583750 0.023750 0.015833
leaf 0.662500 0.607083 0.062500 0.029167
leaf 0.709375 0.701667 0.026250 0.033333
leaf 0.637500 0.740417 0.027500 0.032500
leaf 0.599375 0.742917 0.041250 0.027500
leaf 0.584375 0.714167 0.063750 0.036667
leaf 0.530625 0.647500 0.033750 0.031667
leaf 0.500000 0.673750 0.022500 0.025833
leaf 0.512500 0.699583 0.042500 0.027500
leaf 0.465625 0.709583 0.026250 0.035833
leaf 0.482500 0.615833 0.025000 0.023333
leaf 0.501875 0.571667 0.061250 0.051667
leaf 0.546875 0.528333 0.046250 0.020000
leaf 0.524375 0.496667 0.028750 0.030000
leaf 0.488125 0.486667 0.036250 0.040000
leaf 0.731875 0.263333 0.046250 0.031667
leaf 0.730625 0.220833 0.048750 0.045000
leaf 0.753125 0.189167 0.041250 0.031667
leaf 0.781250 0.127083 0.072500 0.017500
leaf 0.868750 0.110000 0.070000 0.036667
leaf 0.416875 0.222083 0.033750 0.034167
leaf 0.451250 0.195000 0.025000 0.015000
leaf 0.439375 0.169583 0.026250 0.015833
leaf 0.431250 0.107500 0.037500 0.051667
leaf 0.337500 0.121250 0.065000 0.020833
leaf 0.206250 0.177083 0.040000 0.039167
leaf 0.198125 0.103750 0.066250 0.020833
leaf 0.111875 0.125417 0.071250 0.022500
leaf 0.098750 0.309167 0.042500 0.040000
leaf 0.282500 0.409167 0.062500 0.033333
leaf 0.266875 0.441667 0.016250 0.030000
leaf 0.201250 0.417083 0.072500 0.024167
leaf 0.228750 0.480833 0.082500 0.035000
leaf 0.198125 0.449583 0.016250 0.029167
leaf 0.161875 0.480417 0.051250 0.040833
stem 0.160000 0.534167 0.020000 0.075000
stem 0.603125 0.793333 0.068750 0.065000
stem 0.676875 0.707500 0.036250 0.061667
stem 0.704375 0.635000 0.026250 0.066667
stem 0.740625 0.553750 0.036250 0.045833
stem 0.773750 0.490833 0.027500 0.025000
stem 0.536250 0.349167 0.335000 0.216667
stem 0.276250 0.285833 0.167500 0.175000
stem 0.801875 0.178750 0.046250 0.055833
stem 0.412500 0.155833 0.015000 0.023333
stem 0.169375 0.150000 0.033750 0.058333
stem 0.393125 0.510000 0.096250 0.098333
root 0.313750 0.614167 0.115000 0.108333
leaf 0.450000 0.847083 0.115000 0.039167
leaf 0.550000 0.844167 0.090000 0.043333
stem 0.496250 0.887500 0.047500 0.045000
stem 0.473125 0.737500 0.063750 0.025000
stem 0.474375 0.660000 0.018750 0.055000
