fruit 0.403125 0.101667 0.051250 0.038333
fruit 0.400625 0.136250 0.026250 0.044167
fruit 0.411875 0.182083 0.038750 0.040833
fruit 0.443750 0.222083 0.085000 0.032500
fruit 0.395000 0.244167 0.037500 0.015000
fruit 0.434375 0.322500 0.018750 0.023333
leaf 0.335000 0.731667 0.300000 0.271667
leaf 0.543750 0.770000 0.087500 0.073333
leaf 0.630000 0.556667 0.305000 0.290000
leaf 0.575000 0.338333 0.210000 0.406667
leaf 0.455000 0.185000 0.080000 0.045000
leaf 0.361250 0.169167 0.075000 0.041667
leaf 0.433750 0.147500 0.057500 0.045000
leaf 0.351250 0.132083 0.070000 0.039167
leaf 0.440625 0.118750 0.053750 0.024167
leaf 0.346875 0.092083 0.058750 0.042500
stem 0.494375 0.757917 0.013750 0.119167
stem 0.488125 0.646250 0.028750 0.109167
stem 0.489375 0.555000 0.023750 0.093333
stem 0.475625 0.476667 0.033750 0.070000
leaf 0.345000 0.397083 0.255000 0.405833
stem 0.490000 0.917500 0.032500 0.085000
