flower 0.326250 0.245417 0.030000 0.027500
flower 0.171875 0.207500 0.031250 0.021667
flower 0.171875 0.182500 0.036250 0.021667
flower 0.389375 0.239583 0.021250 0.014167
flower 0.718750 0.459583 0.032500 0.039167
flower 0.421875 0.509167 0.033750 0.025000
flower 0.778125 0.535417 0.036250 0.039167
flower 0.694375 0.578333 0.036250 0.018333
flower 0.549375 0.557500 0.043750 0.021667
flower 0.554375 0.731250 0.031250 0.020833
leaf 0.511875 0.207083 0.241250 0.115833
leaf 0.332500 0.146250 0.287500 0.144167
leaf 0.711250 0.248333 0.237500 0.266667
leaf 0.847500 0.379583 0.235000 0.204167
leaf 0.443750 0.399583 0.402500 0.150833
leaf 0.593750 0.578750 0.232500 0.209167
leaf 0.834375 0.788750 0.211250 0.122500
leaf 0.380000 0.815417 0.377500 0.180833
stem 0.228750 0.540000 0.257500 0.213333
stem 0.159375 0.327500 0.171250 0.211667
stem 0.281875 0.296667 0.088750 0.068333
stem 0.670000 0.426250 0.050000 0.079167
stem 0.826875 0.607500 0.226250 0.241667
stem 0.662500 0.715417 0.150000 0.029167
