flower 0.778750 0.246667 0.067500 0.063333
flower 0.579375 0.100833 0.043750 0.075000
leaf 0.363125 0.772500 0.031250 0.018333
leaf 0.365625 0.747083 0.046250 0.032500
leaf 0.815000 0.760417 0.030000 0.034167
leaf 0.841875 0.745833 0.038750 0.041667
leaf 0.474375 0.684583 0.026250 0.009167
leaf 0.485625 0.675417 0.036250 0.009167
leaf 0.497500 0.665833 0.025000 0.008333
leaf 0.625000 0.630833 0.017500 0.016667
leaf 0.594375 0.603333 0.016250 0.020000
leaf 0.251250 0.665000 0.047500 0.026667
leaf 0.295000 0.662917 0.055000 0.027500
leaf 0.152500 0.637083 0.025000 0.014167
leaf 0.236250 0.628750 0.042500 0.029167
leaf 0.196250 0.631667 0.035000 0.021667
leaf 0.140000 0.597917 0.032500 0.039167
leaf 0.170625 0.601250 0.033750 0.034167
leaf 0.276250 0.578750 0.042500 0.014167
leaf 0.330000 0.626667 0.020000 0.021667
leaf 0.338125 0.606250 0.018750 0.009167
leaf 0.336250 0.589167 0.025000 0.021667
leaf 0.280000 0.561667 0.035000 0.020000
leaf 0.320625 0.570000 0.026250 0.023333
leaf 0.350625 0.567500 0.033750 0.025000
leaf 0.313750 0.549583 0.030000 0.024167
leaf 0.379375 0.557917 0.026250 0.014167
leaf 0.347500 0.539167 0.032500 0.031667
leaf 0.378750 0.534583 0.022500 0.025833
leaf 0.277500 0.450000 0.035000 0.035000
leaf 0.312500 0.440833 0.027500 0.038333
leaf 0.288750 0.426250 0.027500 0.024167
leaf 0.395000 0.299167 0.032500 0.018333
leaf 0.360625 0.297083 0.033750 0.017500
leaf 0.420625 0.299167 0.018750 0.015000
leaf 0.373125 0.276667 0.026250 0.023333
leaf 0.398750 0.277917 0.030000 0.024167
leaf 0.442500 0.277917 0.020000 0.027500
leaf 0.428125 0.271667 0.023750 0.021667
leaf 0.423125 0.239583 0.051250 0.032500
leaf 0.452500 0.224583 0.027500 0.020833
leaf 0.503750 0.259167 0.027500 0.015000
leaf 0.506250 0.242917 0.022500 0.029167
leaf 0.478125 0.228750 0.021250 0.019167
leaf 0.440625 0.202500 0.026250 0.021667
leaf 0.476250 0.208333 0.037500 0.020000
leaf 0.468750 0.176250 0.065000 0.039167
leaf 0.512500 0.204583 0.035000 0.040833
leaf 0.558750 0.255417 0.060000 0.034167
leaf 0.556875 0.220417 0.048750 0.034167
leaf 0.550000 0.187917 0.042500 0.027500
leaf 0.622500 0.241667 0.030000 0.036667
leaf 0.655000 0.251250 0.037500 0.024167
leaf 0.641250 0.201667 0.030000 0.025000
leaf 0.576250 0.145833 0.055000 0.035000
leaf 0.627500 0.184583 0.050000 0.022500
leaf 0.669375 0.187500 0.033750 0.028333
leaf 0.619375 0.159167 0.036250 0.021667
leaf 0.654375 0.155000 0.023750 0.036667
leaf 0.620000 0.138333 0.035000 0.023333
leaf 0.636875 0.120833 0.026250 0.025000
leaf 0.614375 0.107083 0.038750 0.022500
leaf 0.797500 0.087917 0.045000 0.062500
leaf 0.759375 0.096667 0.043750 0.015000
leaf 0.756250 0.062917 0.055000 0.050833
leaf 0.683125 0.337917 0.038750 0.029167
stem 0.856875 0.371667 0.086250 0.496667
stem 0.636875 0.758333 0.131250 0.256667
stem 0.425000 0.737917 0.062500 0.467500
stem 0.271875 0.743333 0.118750 0.113333
stem 0.786250 0.806667 0.085000 0.055000
stem 0.363125 0.821250 0.048750 0.065833
stem 0.362500 0.682083 0.055000 0.092500
stem 0.273125 0.622083 0.026250 0.050833
stem 0.521250 0.610833 0.110000 0.081667
stem 0.371250 0.412083 0.080000 0.175833
stem 0.638125 0.466250 0.353750 0.217500
stem 0.543125 0.324167 0.036250 0.070000
stem 0.475000 0.313333 0.040000 0.088333
stem 0.644375 0.299583 0.133750 0.044167
