fruit 0.375625 0.575833 0.033750 0.025000
leaf 0.822500 0.146250 0.260000 0.142500
leaf 0.595625 0.139583 0.226250 0.169167
leaf 0.774375 0.258333 0.293750 0.088333
leaf 0.540000 0.250000 0.245000 0.095000
leaf 0.316875 0.338333 0.171250 0.171667
leaf 0.500625 0.376667 0.171250 0.160000
leaf 0.753125 0.397500 0.101250 0.033333
leaf 0.700625 0.431250 0.301250 0.277500
leaf 0.674375 0.592917 0.381250 0.129167
leaf 0.296875 0.547917 0.376250 0.310833
stem 0.877500 0.511667 0.050000 0.456667
stem 0.748750 0.700000 0.205000 0.076667
stem 0.448125 0.410000 0.056250 0.036667
stem 0.396250 0.263333 0.025000 0.053333
leaf 0.501250 0.695833 0.290000 0.091667
