flower 0.177500 0.127500 0.030000 0.021667
flower 0.151250 0.113333 0.037500 0.026667
flower 0.468750 0.163750 0.027500 0.014167
flower 0.313750 0.462917 0.025000 0.017500
flower 0.281875 0.433750 0.038750 0.022500
flower 0.203125 0.397500 0.018750 0.018333
flower 0.259375 0.764583 0.021250 0.017500
flower 0.238125 0.738750 0.026250 0.014167
flower 0.740625 0.773750 0.036250 0.019167
flower 0.755000 0.794167 0.020000 0.011667
flower 0.630625 0.481250 0.008750 0.012500
flower 0.602500 0.360000 0.017500 0.016667
flower 0.321875 0.337917 0.018750 0.012500
flower 0.378750 0.336250 0.022500 0.014167
flower 0.398750 0.212500 0.017500 0.008333
flower 0.380000 0.222917 0.020000 0.009167
leaf 0.862500 0.695833 0.037500 0.025000
leaf 0.864375 0.731250 0.063750 0.020833
leaf 0.792500 0.735000 0.037500 0.053333
leaf 0.676875 0.776667 0.086250 0.046667
leaf 0.667500 0.557500 0.032500 0.061667
leaf 0.648125 0.504583 0.048750 0.040833
leaf 0.928125 0.513333 0.061250 0.023333
leaf 0.920625 0.476250 0.073750 0.025833
leaf 0.870625 0.406667 0.088750 0.065000
leaf 0.830625 0.470000 0.051250 0.066667
leaf 0.795000 0.506250 0.045000 0.017500
leaf 0.631875 0.373750 0.041250 0.039167
leaf 0.678125 0.311250 0.081250 0.099167
leaf 0.612500 0.279583 0.027500 0.035833
leaf 0.523750 0.382083 0.045000 0.037500
leaf 0.516875 0.243333 0.158750 0.090000
leaf 0.368750 0.368333 0.042500 0.080000
leaf 0.343750 0.320000 0.050000 0.076667
leaf 0.385625 0.439167 0.046250 0.031667
leaf 0.350000 0.417917 0.070000 0.027500
leaf 0.376250 0.477917 0.072500 0.060833
leaf 0.360625 0.518750 0.133750 0.057500
leaf 0.545000 0.495833 0.072500 0.080000
leaf 0.424375 0.705833 0.033750 0.038333
leaf 0.454375 0.679167 0.033750 0.078333
leaf 0.468750 0.626667 0.040000 0.045000
leaf 0.415000 0.596250 0.132500 0.039167
leaf 0.349375 0.728333 0.066250 0.026667
leaf 0.266250 0.686667 0.082500 0.080000
leaf 0.177500 0.712917 0.100000 0.039167
leaf 0.197500 0.592083 0.035000 0.079167
flower 0.239375 0.482500 0.031250 0.021667
leaf 0.122500 0.539583 0.030000 0.044167
leaf 0.228750 0.497083 0.067500 0.057500
leaf 0.108750 0.362083 0.032500 0.099167
leaf 0.154375 0.236667 0.056250 0.093333
leaf 0.323750 0.252917 0.092500 0.037500
leaf 0.477500 0.182500 0.095000 0.031667
leaf 0.447500 0.147500 0.085000 0.056667
leaf 0.178750 0.095417 0.030000 0.025833
leaf 0.195625 0.115417 0.026250 0.017500
stem 0.257500 0.171250 0.075000 0.080833
stem 0.315625 0.277500 0.033750 0.056667
stem 0.276250 0.295417 0.040000 0.017500
stem 0.585000 0.325833 0.030000 0.065000
stem 0.556250 0.367083 0.055000 0.020833
stem 0.771250 0.355833 0.040000 0.088333
stem 0.715625 0.439583 0.106250 0.030833
stem 0.697500 0.484167 0.087500 0.015000
stem 0.733125 0.540000 0.108750 0.063333
stem 0.820000 0.728750 0.025000 0.059167
stem 0.779375 0.779167 0.038750 0.033333
stem 0.727500 0.743750 0.062500 0.029167
stem 0.580625 0.659583 0.068750 0.265833
stem 0.420000 0.842500 0.140000 0.225000
stem 0.431250 0.640000 0.032500 0.078333
stem 0.330625 0.679583 0.066250 0.067500
stem 0.257500 0.581250 0.090000 0.132500
stem 0.172500 0.538750 0.045000 0.024167
stem 0.195000 0.484583 0.055000 0.017500
stem 0.433750 0.540417 0.057500 0.070833
stem 0.466875 0.462083 0.096250 0.182500
stem 0.305000 0.223750 0.035000 0.027500
flower 0.754375 0.809583 0.031250 0.020833
flower 0.687500 0.832500 0.035000 0.013333
flower 0.841875 0.852500 0.041250 0.033333
flower 0.801250 0.869583 0.035000 0.030833
flower 0.340625 0.846667 0.033750 0.025000
leaf 0.214375 0.429583 0.113750 0.084167
leaf 0.121250 0.460000 0.075000 0.111667
leaf 0.070000 0.407083 0.127500 0.059167
leaf 0.261250 0.082500 0.105000 0.090000
leaf 0.350625 0.075833 0.086250 0.096667
leaf 0.201250 0.188750 0.070000 0.074167
leaf 0.235000 0.257917 0.102500 0.092500
leaf 0.353125 0.158750 0.106250 0.064167
leaf 0.370000 0.210000 0.112500 0.055000
leaf 0.172500 0.785000 0.120000 0.101667
leaf 0.311250 0.785000 0.095000 0.098333
leaf 0.242500 0.806667 0.070000 0.085000
leaf 0.613750 0.893750 0.060000 0.047500
leaf 0.683750 0.902500 0.082500 0.066667
leaf 0.801250 0.902083 0.177500 0.064167
leaf 0.740625 0.849167 0.098750 0.023333
leaf 0.661875 0.844167 0.028750 0.016667
leaf 0.721250 0.809583 0.040000 0.035833
leaf 0.780000 0.444167 0.082500 0.106667
leaf 0.581250 0.425417 0.115000 0.060833
leaf 0.661250 0.441667 0.090000 0.063333
leaf 0.592500 0.376667 0.042500 0.040000
leaf 0.646250 0.252917 0.127500 0.020833
leaf 0.676875 0.213333 0.048750 0.056667
leaf 0.614375 0.198750 0.088750 0.080833
leaf 0.502500 0.327917 0.112500 0.090833
leaf 0.437500 0.307083 0.050000 0.064167
stem 0.543750 0.889583 0.080000 0.190833
