leaf 0.563750 0.099583 0.092500 0.184167
leaf 0.356250 0.103333 0.310000 0.156667
leaf 0.379375 0.224167 0.203750 0.103333
leaf 0.765000 0.143333 0.295000 0.205000
leaf 0.574375 0.372500 0.056250 0.065000
leaf 0.582500 0.481250 0.070000 0.069167
leaf 0.331875 0.810417 0.081250 0.074167
leaf 0.258125 0.645833 0.073750 0.111667
leaf 0.363750 0.431667 0.160000 0.161667
leaf 0.200000 0.455417 0.172500 0.160833
leaf 0.171875 0.569167 0.138750 0.098333
stem 0.530625 0.284583 0.041250 0.179167
stem 0.640625 0.655000 0.198750 0.261667
stem 0.283750 0.753333 0.025000 0.090000
stem 0.245000 0.503750 0.077500 0.029167
stem 0.538125 0.456667 0.016250 0.090000
root 0.708125 0.845417 0.321250 0.127500
