flower 0.101875 0.391667 0.033750 0.028333
flower 0.115625 0.355833 0.046250 0.025000
flower 0.160625 0.318333 0.033750 0.043333
flower 0.100000 0.320417 0.042500 0.040833
flower 0.108750 0.291250 0.037500 0.030833
flower 0.132500 0.269583 0.047500 0.032500
flower 0.220000 0.299167 0.047500 0.021667
flower 0.220625 0.268333 0.051250 0.013333
flower 0.243750 0.243750 0.045000 0.017500
flower 0.185625 0.232083 0.028750 0.012500
flower 0.229375 0.210000 0.016250 0.023333
flower 0.217500 0.184583 0.027500 0.014167
flower 0.759375 0.467500 0.026250 0.031667
flower 0.738750 0.398750 0.065000 0.024167
flower 0.676875 0.390000 0.036250 0.028333
flower 0.656875 0.373333 0.033750 0.018333
flower 0.903125 0.420833 0.036250 0.021667
flower 0.900000 0.400000 0.042500 0.026667
flower 0.878750 0.390000 0.042500 0.023333
flower 0.846875 0.394583 0.036250 0.027500
flower 0.736875 0.373333 0.028750 0.030000
flower 0.674375 0.339167 0.058750 0.015000
flower 0.732500 0.324583 0.037500 0.027500
flower 0.698125 0.318333 0.038750 0.023333
flower 0.676875 0.287083 0.038750 0.027500
flower 0.306875 0.286667 0.023750 0.013333
flower 0.298750 0.255000 0.030000 0.023333
flower 0.458750 0.257083 0.050000 0.019167
flower 0.344375 0.223750 0.048750 0.025833
flower 0.315625 0.224167 0.038750 0.030000
flower 0.317500 0.199583 0.020000 0.017500
flower 0.714375 0.246250 0.038750 0.030833
flower 0.693750 0.242083 0.045000 0.027500
flower 0.781250 0.235417 0.032500 0.024167
flower 0.760000 0.218750 0.025000 0.022500
flower 0.665000 0.201667 0.030000 0.026667
flower 0.603750 0.197500 0.027500 0.021667
flower 0.626875 0.192917 0.028750 0.017500
flower 0.471250 0.191667 0.047500 0.013333
flower 0.383125 0.205000 0.021250 0.028333
flower 0.498750 0.179583 0.027500 0.022500
flower 0.414375 0.159583 0.068750 0.022500
flower 0.410000 0.143750 0.067500 0.024167
flower 0.706875 0.159583 0.026250 0.022500
flower 0.684375 0.146250 0.031250 0.015833
flower 0.726250 0.127500 0.037500 0.035000
flower 0.712500 0.125833 0.047500 0.021667
flower 0.613750 0.144167 0.027500 0.018333
flower 0.568125 0.141250 0.031250 0.022500
flower 0.624375 0.119167 0.041250 0.026667
flower 0.603750 0.113750 0.040000 0.025833
flower 0.544375 0.125000 0.036250 0.016667
flower 0.470625 0.131667 0.051250 0.036667
flower 0.508750 0.121667 0.027500 0.023333
flower 0.470625 0.093750 0.036250 0.024167
flower 0.433750 0.080000 0.040000 0.040000
flower 0.456250 0.076250 0.052500 0.020833
flower 0.538750 0.090833 0.030000 0.015000
flower 0.538125 0.072500 0.073750 0.025000
leaf 0.643125 0.571250 0.103750 0.099167
leaf 0.841250 0.577083 0.085000 0.054167
leaf 0.767500 0.519583 0.140000 0.114167
leaf 0.710625 0.449167 0.016250 0.035000
leaf 0.763125 0.434583 0.063750 0.020833
leaf 0.821875 0.410417 0.043750 0.050833
leaf 0.131875 0.402917 0.028750 0.017500
leaf 0.165000 0.364167 0.085000 0.025000
leaf 0.548125 0.376250 0.148750 0.124167
leaf 0.611250 0.310833 0.155000 0.085000
leaf 0.605625 0.251667 0.151250 0.073333
leaf 0.771875 0.253333 0.063750 0.013333
leaf 0.738750 0.220833 0.025000 0.033333
leaf 0.357500 0.410000 0.110000 0.070000
leaf 0.241250 0.356667 0.075000 0.098333
leaf 0.390625 0.344167 0.126250 0.075000
leaf 0.411875 0.182083 0.071250 0.022500
leaf 0.557500 0.193750 0.032500 0.024167
leaf 0.549375 0.164167 0.081250 0.021667
leaf 0.643125 0.148750 0.068750 0.032500
leaf 0.499375 0.147083 0.071250 0.030833
leaf 0.570000 0.094167 0.047500 0.023333
leaf 0.505000 0.087917 0.035000 0.030833
leaf 0.415000 0.098333 0.035000 0.023333
leaf 0.575625 0.135417 0.066250 0.042500
stem 0.509375 0.267917 0.023750 0.097500
stem 0.518125 0.193333 0.013750 0.035000
stem 0.465000 0.327917 0.032500 0.075833
stem 0.438125 0.408750 0.056250 0.075833
stem 0.270000 0.295833 0.037500 0.031667
stem 0.308750 0.326667 0.052500 0.036667
stem 0.303750 0.379167 0.060000 0.015000
stem 0.187500 0.401250 0.070000 0.034167
stem 0.261250 0.430417 0.080000 0.035833
stem 0.750625 0.598333 0.131250 0.041667
stem 0.874375 0.542917 0.031250 0.030833
stem 0.425625 0.572083 0.318750 0.255833
leaf 0.403125 0.257500 0.173750 0.101667
stem 0.643750 0.437083 0.105000 0.037500
stem 0.656250 0.619167 0.052500 0.023333
