flower 0.134375 0.111250 0.041250 0.042500
flower 0.322500 0.226250 0.037500 0.037500
flower 0.421875 0.242917 0.046250 0.087500
flower 0.528750 0.060417 0.032500 0.052500
leaf 0.255625 0.240000 0.043750 0.026667
leaf 0.303125 0.324167 0.038750 0.025000
leaf 0.237500 0.311667 0.042500 0.026667
leaf 0.221875 0.407083 0.038750 0.025833
leaf 0.563125 0.414583 0.051250 0.034167
leaf 0.702500 0.390417 0.060000 0.045833
leaf 0.868750 0.254583 0.032500 0.020833
leaf 0.848125 0.315000 0.066250 0.033333
leaf 0.826875 0.372500 0.076250 0.041667
leaf 0.834375 0.428750 0.058750 0.034167
leaf 0.313125 0.379583 0.131250 0.100833
leaf 0.309375 0.449583 0.061250 0.032500
leaf 0.400000 0.411250 0.090000 0.099167
leaf 0.428750 0.507083 0.060000 0.132500
leaf 0.259375 0.449583 0.036250 0.025833
leaf 0.301875 0.510417 0.058750 0.062500
leaf 0.362500 0.537083 0.072500 0.082500
leaf 0.555000 0.482500 0.055000 0.038333
leaf 0.546250 0.550000 0.057500 0.036667
leaf 0.548750 0.606667 0.070000 0.048333
leaf 0.545625 0.658750 0.076250 0.040833
leaf 0.808750 0.477083 0.067500 0.049167
leaf 0.804375 0.523333 0.078750 0.048333
leaf 0.788750 0.585833 0.072500 0.081667
leaf 0.709375 0.565833 0.086250 0.076667
leaf 0.721875 0.489167 0.046250 0.075000
stem 0.786250 0.685417 0.070000 0.069167
stem 0.745000 0.622500 0.035000 0.048333
stem 0.795000 0.568750 0.017500 0.064167
stem 0.806875 0.521667 0.016250 0.046667
stem 0.820000 0.404583 0.020000 0.034167
stem 0.813125 0.455833 0.013750 0.021667
stem 0.705625 0.622083 0.021250 0.037500
stem 0.519375 0.723750 0.033750 0.044167
stem 0.539375 0.638333 0.016250 0.028333
stem 0.547500 0.580417 0.017500 0.034167
stem 0.556875 0.520417 0.016250 0.039167
stem 0.561250 0.453333 0.012500 0.048333
stem 0.700000 0.422500 0.012500 0.031667
stem 0.444375 0.617500 0.103750 0.063333
stem 0.372500 0.491667 0.032500 0.053333
stem 0.335625 0.422917 0.018750 0.024167
stem 0.348125 0.450833 0.023750 0.033333
stem 0.135000 0.360000 0.127500 0.075000
stem 0.556250 0.245000 0.057500 0.308333
stem 0.839375 0.343750 0.023750 0.032500
stem 0.855000 0.283750 0.017500 0.039167
stem 0.896250 0.158750 0.057500 0.170833
stem 0.369375 0.292500 0.071250 0.101667
stem 0.421875 0.330000 0.021250 0.046667
stem 0.460000 0.308333 0.045000 0.076667
stem 0.186250 0.219583 0.090000 0.150833
stem 0.280625 0.280833 0.058750 0.061667
stem 0.490625 0.767917 0.058750 0.042500
leaf 0.543750 0.711250 0.042500 0.030833
flower 0.932500 0.050417 0.022500 0.050833
