flower 0.403125 0.237083 0.066250 0.059167
flower 0.396250 0.270000 0.107500 0.031667
flower 0.620625 0.684167 0.033750 0.021667
leaf 0.301250 0.647083 0.305000 0.202500
leaf 0.150000 0.453333 0.260000 0.126667
leaf 0.416875 0.398750 0.258750 0.242500
leaf 0.590625 0.741667 0.093750 0.110000
leaf 0.736875 0.740417 0.198750 0.140833
leaf 0.801875 0.564583 0.213750 0.275833
leaf 0.575625 0.197083 0.341250 0.352500
stem 0.628125 0.510417 0.141250 0.282500
stem 0.466875 0.372083 0.051250 0.039167
stem 0.496875 0.410000 0.043750 0.033333
stem 0.464375 0.759583 0.028750 0.022500
