fruit 0.121250 0.259583 0.020000 0.027500
fruit 0.147500 0.243750 0.035000 0.025833
fruit 0.807500 0.291667 0.025000 0.020000
fruit 0.780625 0.277500 0.041250 0.021667
fruit 0.297500 0.241667 0.045000 0.026667
leaf 0.342500 0.083750 0.195000 0.144167
leaf 0.151875 0.116667 0.178750 0.128333
leaf 0.095625 0.207917 0.136250 0.044167
leaf 0.350625 0.202500 0.238750 0.088333
leaf 0.745000 0.190833 0.195000 0.130000
leaf 0.903750 0.283333 0.147500 0.150000
leaf 0.764375 0.343750 0.058750 0.059167
leaf 0.698750 0.278333 0.137500 0.083333
leaf 0.756875 0.450000 0.101250 0.036667
flower 0.792500 0.234583 0.022500 0.017500
flower 0.725000 0.214167 0.032500 0.025000
flower 0.431875 0.307500 0.046250 0.023333
flower 0.456875 0.335833 0.036250 0.020000
flower 0.473125 0.358333 0.028750 0.013333
flower 0.317500 0.467917 0.047500 0.029167
flower 0.380000 0.480000 0.052500 0.023333
leaf 0.134375 0.356667 0.116250 0.120000
leaf 0.630625 0.441667 0.083750 0.026667
leaf 0.598750 0.365833 0.090000 0.115000
leaf 0.413750 0.307500 0.297500 0.191667
leaf 0.246250 0.370417 0.107500 0.167500
leaf 0.440000 0.426667 0.212500 0.068333
leaf 0.345625 0.460000 0.148750 0.078333
leaf 0.496875 0.485000 0.176250 0.088333
leaf 0.096250 0.567917 0.137500 0.130833
leaf 0.351250 0.536250 0.177500 0.059167
leaf 0.475625 0.568333 0.171250 0.090000
leaf 0.720625 0.571250 0.046250 0.084167
leaf 0.871250 0.606667 0.070000 0.080000
leaf 0.732500 0.685000 0.152500 0.145000
stem 0.163750 0.274167 0.050000 0.025000
stem 0.187500 0.451250 0.050000 0.059167
stem 0.221250 0.556250 0.102500 0.144167
stem 0.900000 0.713750 0.145000 0.112500
stem 0.813125 0.627917 0.041250 0.062500
stem 0.772500 0.539583 0.067500 0.145833
stem 0.646875 0.498750 0.138750 0.089167
stem 0.796875 0.402917 0.048750 0.054167
