flower 0.125000 0.134167 0.077500 0.055000
flower 0.291875 0.275833 0.146250 0.035000
flower 0.735000 0.223333 0.050000 0.033333
stem 0.209375 0.184167 0.106250 0.131667
stem 0.291875 0.372917 0.081250 0.174167
stem 0.483750 0.095417 0.175000 0.185833
stem 0.550625 0.286250 0.051250 0.180833
stem 0.691875 0.098750 0.131250 0.140833
stem 0.784375 0.201250 0.038750 0.050833
stem 0.745000 0.189583 0.012500 0.034167
stem 0.746875 0.305833 0.028750 0.135000
stem 0.761875 0.492917 0.073750 0.242500
stem 0.541875 0.436250 0.036250 0.119167
stem 0.366250 0.600417 0.105000 0.277500
stem 0.549375 0.596667 0.046250 0.176667
stem 0.566250 0.733333 0.027500 0.110000
stem 0.442500 0.770000 0.027500 0.040000
stem 0.796250 0.753333 0.207500 0.211667
leaf 0.623750 0.716250 0.072500 0.167500
leaf 0.463125 0.701250 0.068750 0.197500
leaf 0.786250 0.627500 0.015000 0.021667
leaf 0.531250 0.505000 0.010000 0.013333
root 0.437500 0.831250 0.127500 0.065833
root 0.573125 0.844583 0.098750 0.087500
stem 0.558750 0.930833 0.137500 0.081667
