leaf 0.758750 0.454167 0.327500 0.796667
leaf 0.478750 0.249583 0.215000 0.282500
leaf 0.200000 0.495417 0.180000 0.195833
fruit 0.344375 0.288750 0.088750 0.119167
fruit 0.213750 0.342083 0.127500 0.107500
fruit 0.373125 0.437500 0.066250 0.111667
fruit 0.463750 0.485833 0.175000 0.045000
fruit 0.443125 0.524583 0.138750 0.062500
fruit 0.313750 0.563750 0.145000 0.084167
fruit 0.570625 0.670833 0.221250 0.068333
fruit 0.571250 0.718750 0.167500 0.055833
fruit 0.536250 0.758750 0.117500 0.059167
stem 0.366250 0.082500 0.422500 0.061667
stem 0.666875 0.122500 0.203750 0.058333
stem 0.223125 0.208333 0.113750 0.208333
stem 0.276250 0.356667 0.042500 0.063333
stem 0.301875 0.419583 0.038750 0.064167
stem 0.326250 0.473333 0.032500 0.046667
stem 0.353750 0.518750 0.035000 0.055833
stem 0.422500 0.659167 0.087500 0.215000
