fruit 0.467500 0.400417 0.075000 0.022500
fruit 0.456250 0.371250 0.040000 0.022500
fruit 0.407500 0.435000 0.065000 0.036667
fruit 0.378125 0.417500 0.058750 0.041667
fruit 0.358750 0.372500 0.060000 0.048333
fruit 0.519375 0.313750 0.046250 0.039167
fruit 0.470625 0.312917 0.041250 0.040833
fruit 0.428125 0.315833 0.043750 0.040000
fruit 0.450000 0.282083 0.075000 0.037500
fruit 0.413125 0.261250 0.108750 0.027500
fruit 0.420000 0.220833 0.082500 0.048333
fruit 0.413750 0.167083 0.067500 0.060833
leaf 0.361250 0.085417 0.222500 0.169167
leaf 0.315625 0.227083 0.288750 0.059167
leaf 0.562500 0.199167 0.050000 0.051667
leaf 0.611250 0.194583 0.137500 0.080833
leaf 0.761875 0.223750 0.238750 0.274167
leaf 0.708125 0.477500 0.366250 0.231667
leaf 0.223750 0.417500 0.397500 0.211667
leaf 0.300625 0.626250 0.288750 0.309167
leaf 0.724375 0.659583 0.368750 0.232500
stem 0.500625 0.211667 0.066250 0.090000
stem 0.531250 0.259583 0.052500 0.049167
stem 0.567500 0.374583 0.105000 0.152500
stem 0.492500 0.681667 0.107500 0.446667
