leaf 0.891875 0.312500 0.111250 0.146667
leaf 0.747500 0.163750 0.167500 0.077500
leaf 0.706250 0.082500 0.092500 0.105000
leaf 0.586875 0.118750 0.183750 0.165833
leaf 0.475625 0.192083 0.161250 0.057500
leaf 0.615000 0.247500 0.195000 0.120000
leaf 0.711875 0.355833 0.106250 0.121667
leaf 0.620625 0.477917 0.111250 0.064167
leaf 0.600000 0.375000 0.170000 0.141667
leaf 0.504375 0.530000 0.236250 0.055000
leaf 0.533125 0.471667 0.151250 0.095000
leaf 0.415000 0.328333 0.182500 0.181667
leaf 0.293125 0.390000 0.123750 0.158333
leaf 0.177500 0.410417 0.157500 0.135833
leaf 0.255000 0.539583 0.135000 0.087500
fruit 0.598750 0.617083 0.042500 0.029167
fruit 0.363125 0.702917 0.053750 0.044167
fruit 0.263125 0.640000 0.056250 0.040000
fruit 0.183750 0.694167 0.062500 0.045000
stem 0.418125 0.470000 0.083750 0.068333
stem 0.339375 0.570000 0.073750 0.133333
stem 0.821250 0.614583 0.270000 0.389167
stem 0.543750 0.682083 0.325000 0.095833
stem 0.610625 0.579583 0.161250 0.050833
stem 0.752500 0.266667 0.027500 0.043333
