leaf 0.147500 0.326250 0.175000 0.080833
leaf 0.315000 0.390417 0.097500 0.055833
leaf 0.588125 0.369167 0.336250 0.111667
leaf 0.788750 0.506667 0.327500 0.075000
leaf 0.563750 0.640833 0.115000 0.130000
flower 0.491875 0.608333 0.018750 0.013333
stem 0.485000 0.544167 0.287500 0.101667
stem 0.328125 0.478750 0.206250 0.135833
leaf 0.303750 0.289583 0.165000 0.154167
leaf 0.567500 0.460000 0.235000 0.080000
leaf 0.725000 0.421667 0.095000 0.100000
leaf 0.676875 0.650417 0.113750 0.154167
leaf 0.816875 0.664167 0.173750 0.105000
leaf 0.793750 0.579167 0.302500 0.093333
