leaf 0.479375 0.161667 0.276250 0.203333
leaf 0.418750 0.308333 0.217500 0.095000
leaf 0.208125 0.136250 0.263750 0.249167
leaf 0.190000 0.301250 0.227500 0.195833
leaf 0.233750 0.465000 0.072500 0.078333
leaf 0.397500 0.442917 0.247500 0.110833
leaf 0.338750 0.537917 0.257500 0.114167
leaf 0.535000 0.521667 0.175000 0.096667
leaf 0.813125 0.503750 0.221250 0.175833
stem 0.640625 0.069583 0.078750 0.072500
stem 0.675625 0.313333 0.146250 0.200000
stem 0.187500 0.542500 0.062500 0.063333
stem 0.354375 0.652917 0.363750 0.147500
stem 0.653125 0.586667 0.076250 0.220000
stem 0.839375 0.660833 0.113750 0.136667
