fruit 0.327500 0.673333 0.030000 0.016667
fruit 0.290625 0.748333 0.023750 0.010000
fruit 0.725000 0.603333 0.030000 0.015000
fruit 0.133125 0.317500 0.046250 0.023333
fruit 0.161250 0.299583 0.035000 0.025833
fruit 0.111250 0.297917 0.050000 0.029167
fruit 0.638750 0.261667 0.020000 0.018333
fruit 0.666875 0.265833 0.036250 0.030000
leaf 0.122500 0.621250 0.092500 0.020833
leaf 0.231250 0.747500 0.042500 0.021667
leaf 0.280625 0.731667 0.046250 0.033333
leaf 0.305625 0.751667 0.041250 0.038333
leaf 0.385625 0.725417 0.051250 0.014167
leaf 0.309375 0.685833 0.056250 0.023333
leaf 0.583125 0.655417 0.043750 0.024167
leaf 0.685000 0.693333 0.095000 0.035000
leaf 0.786875 0.671250 0.043750 0.050833
leaf 0.730625 0.617083 0.078750 0.012500
leaf 0.795000 0.564167 0.052500 0.028333
leaf 0.340625 0.630417 0.028750 0.025833
leaf 0.398750 0.611250 0.070000 0.029167
leaf 0.368125 0.571250 0.063750 0.045833
leaf 0.503750 0.565417 0.062500 0.032500
leaf 0.524375 0.532917 0.058750 0.044167
leaf 0.696250 0.499583 0.042500 0.022500
leaf 0.557500 0.403750 0.082500 0.049167
leaf 0.324375 0.382083 0.026250 0.017500
leaf 0.580625 0.321667 0.068750 0.031667
leaf 0.607500 0.246667 0.055000 0.030000
leaf 0.606875 0.224583 0.048750 0.025833
leaf 0.786875 0.390833 0.013750 0.025000
leaf 0.871875 0.342083 0.081250 0.049167
leaf 0.835000 0.302500 0.055000 0.060000
leaf 0.876250 0.289167 0.037500 0.050000
leaf 0.783125 0.270000 0.036250 0.036667
leaf 0.738125 0.259167 0.051250 0.055000
leaf 0.553125 0.129583 0.036250 0.044167
stem 0.566250 0.082083 0.037500 0.050833
stem 0.684375 0.097500 0.218750 0.058333
stem 0.406875 0.212083 0.261250 0.319167
stem 0.557500 0.242500 0.035000 0.011667
stem 0.160625 0.167917 0.226250 0.222500
stem 0.631875 0.293333 0.163750 0.030000
stem 0.813125 0.376250 0.036250 0.035833
stem 0.748125 0.480000 0.081250 0.153333
stem 0.879375 0.638333 0.138750 0.133333
stem 0.785625 0.608750 0.041250 0.064167
stem 0.786250 0.764583 0.367500 0.117500
stem 0.624375 0.589583 0.153750 0.072500
stem 0.535000 0.472083 0.022500 0.079167
stem 0.173750 0.375417 0.087500 0.092500
stem 0.304375 0.449583 0.071250 0.107500
stem 0.400000 0.535417 0.147500 0.032500
stem 0.486250 0.675833 0.145000 0.111667
stem 0.221875 0.664583 0.073750 0.100833
stem 0.167500 0.830417 0.200000 0.139167
stem 0.373125 0.754583 0.091250 0.047500
fruit 0.248750 0.049167 0.027500 0.016667
fruit 0.299375 0.036667 0.023750 0.018333
fruit 0.273750 0.831250 0.022500 0.022500
stem 0.186875 0.738333 0.031250 0.041667
stem 0.246250 0.494583 0.032500 0.069167
fruit 0.209375 0.513333 0.046250 0.041667
fruit 0.060625 0.565417 0.061250 0.050833
fruit 0.120625 0.562917 0.056250 0.044167
fruit 0.185625 0.555000 0.071250 0.036667
stem 0.271250 0.571250 0.105000 0.079167
