flower 0.577500 0.183750 0.062500 0.047500
fruit 0.522500 0.109583 0.027500 0.039167
fruit 0.205625 0.786250 0.048750 0.025833
fruit 0.278750 0.797083 0.060000 0.035833
fruit 0.318750 0.769583 0.070000 0.040833
fruit 0.248125 0.752083 0.048750 0.024167
fruit 0.278750 0.728750 0.047500 0.039167
fruit 0.379375 0.701250 0.063750 0.042500
fruit 0.390000 0.670417 0.057500 0.024167
fruit 0.298750 0.696250 0.062500 0.037500
fruit 0.322500 0.673750 0.050000 0.032500
fruit 0.283750 0.675000 0.042500 0.025000
fruit 0.271875 0.650000 0.076250 0.040000
fruit 0.319375 0.612500 0.068750 0.051667
fruit 0.386250 0.644167 0.045000 0.025000
fruit 0.407500 0.630417 0.067500 0.032500
fruit 0.416250 0.602917 0.060000 0.024167
fruit 0.426250 0.580833 0.057500 0.026667
fruit 0.346250 0.570000 0.045000 0.030000
fruit 0.344375 0.545000 0.036250 0.016667
fruit 0.382500 0.535000 0.035000 0.033333
fruit 0.301250 0.527083 0.065000 0.032500
fruit 0.326250 0.507083 0.052500 0.039167
fruit 0.348125 0.467917 0.068750 0.035833
fruit 0.315000 0.438333 0.037500 0.030000
fruit 0.342500 0.426667 0.055000 0.033333
fruit 0.404375 0.453750 0.068750 0.044167
leaf 0.626875 0.555417 0.056250 0.045833
leaf 0.808125 0.381250 0.316250 0.352500
leaf 0.619375 0.315833 0.236250 0.340000
leaf 0.261250 0.320417 0.475000 0.285833
stem 0.554375 0.561250 0.098750 0.127500
root 0.670625 0.682500 0.248750 0.170000
