fruit 0.334375 0.109583 0.073750 0.037500
fruit 0.228125 0.425417 0.063750 0.069167
leaf 0.678750 0.127917 0.165000 0.132500
leaf 0.451875 0.069583 0.148750 0.124167
leaf 0.409375 0.137500 0.061250 0.031667
leaf 0.331250 0.162500 0.095000 0.041667
leaf 0.485000 0.149167 0.090000 0.105000
leaf 0.615000 0.187500 0.152500 0.068333
leaf 0.861875 0.342083 0.223750 0.090833
leaf 0.575625 0.309583 0.211250 0.130833
leaf 0.438125 0.262917 0.153750 0.150833
leaf 0.346875 0.350417 0.143750 0.109167
leaf 0.448750 0.369167 0.057500 0.075000
leaf 0.383750 0.435000 0.117500 0.043333
leaf 0.513750 0.484583 0.197500 0.165833
leaf 0.478125 0.585833 0.208750 0.081667
leaf 0.867500 0.565417 0.232500 0.202500
leaf 0.863750 0.700833 0.215000 0.078333
leaf 0.755625 0.758750 0.163750 0.080833
leaf 0.310000 0.551250 0.095000 0.054167
leaf 0.304375 0.450833 0.098750 0.115000
leaf 0.139375 0.595417 0.221250 0.110833
leaf 0.118125 0.454583 0.161250 0.145833
stem 0.370625 0.782917 0.368750 0.314167
stem 0.619375 0.794583 0.146250 0.089167
stem 0.728750 0.371667 0.055000 0.325000
stem 0.566875 0.220417 0.071250 0.032500
stem 0.377500 0.530833 0.052500 0.035000
leaf 0.878125 0.212083 0.223750 0.132500
leaf 0.220000 0.510000 0.065000 0.078333
leaf 0.668125 0.508750 0.086250 0.172500
