flower 0.226875 0.118333 0.041250 0.045000
flower 0.160000 0.083333 0.040000 0.031667
flower 0.101250 0.069583 0.075000 0.044167
flower 0.151250 0.117917 0.105000 0.050833
flower 0.375000 0.202917 0.082500 0.059167
flower 0.370625 0.326667 0.113750 0.056667
flower 0.384375 0.271250 0.123750 0.074167
flower 0.476875 0.093333 0.076250 0.075000
flower 0.530000 0.110417 0.070000 0.060833
flower 0.633125 0.061667 0.106250 0.043333
flower 0.697500 0.098750 0.062500 0.064167
flower 0.644375 0.092083 0.056250 0.040833
flower 0.697500 0.144583 0.075000 0.034167
flower 0.655625 0.171250 0.068750 0.044167
flower 0.619375 0.149167 0.056250 0.066667
flower 0.823125 0.072500 0.058750 0.061667
flower 0.887500 0.089167 0.075000 0.033333
flower 0.886250 0.127500 0.067500 0.035000
flower 0.855625 0.128750 0.053750 0.050833
flower 0.886875 0.172083 0.046250 0.037500
flower 0.856250 0.220833 0.067500 0.041667
flower 0.808125 0.175000 0.128750 0.048333
flower 0.801250 0.217500 0.057500 0.041667
flower 0.735000 0.278750 0.060000 0.037500
flower 0.772500 0.305000 0.087500 0.035000
flower 0.771875 0.340833 0.061250 0.041667
flower 0.733125 0.340000 0.048750 0.035000
stem 0.836875 0.351667 0.048750 0.196667
stem 0.745625 0.584167 0.088750 0.435000
stem 0.619375 0.462083 0.063750 0.490833
stem 0.479375 0.353750 0.066250 0.410833
stem 0.362500 0.578750 0.045000 0.454167
stem 0.178125 0.465833 0.091250 0.623333
stem 0.451875 0.710417 0.088750 0.287500
