flower 0.485000 0.090833 0.035000 0.025000
flower 0.448750 0.119167 0.032500 0.021667
flower 0.441250 0.094583 0.037500 0.017500
flower 0.500625 0.120833 0.043750 0.035000
flower 0.473125 0.172500 0.033750 0.021667
flower 0.434375 0.229583 0.028750 0.037500
flower 0.389375 0.286250 0.051250 0.022500
flower 0.348125 0.312083 0.043750 0.049167
flower 0.298125 0.363333 0.031250 0.020000
flower 0.258125 0.382500 0.016250 0.011667
flower 0.120000 0.558750 0.037500 0.020833
flower 0.152500 0.597917 0.035000 0.020833
flower 0.158125 0.573750 0.036250 0.024167
flower 0.215625 0.590000 0.046250 0.028333
flower 0.228750 0.685000 0.030000 0.026667
flower 0.515625 0.709583 0.023750 0.015833
flower 0.515625 0.605000 0.036250 0.023333
flower 0.510000 0.569583 0.030000 0.024167
flower 0.499375 0.507917 0.026250 0.019167
flower 0.590625 0.545000 0.041250 0.026667
flower 0.846250 0.502083 0.037500 0.020833
flower 0.691250 0.457083 0.062500 0.042500
flower 0.621250 0.405417 0.047500 0.029167
flower 0.491875 0.441667 0.038750 0.030000
flower 0.424375 0.378750 0.031250 0.039167
flower 0.490000 0.375000 0.030000 0.020000
flower 0.663750 0.397917 0.037500 0.020833
flower 0.598750 0.355000 0.027500 0.013333
flower 0.559375 0.318750 0.038750 0.039167
flower 0.591250 0.246250 0.035000 0.029167
flower 0.681250 0.196667 0.030000 0.020000
flower 0.613125 0.197083 0.026250 0.020833
flower 0.616250 0.176250 0.027500 0.015833
flower 0.666875 0.112917 0.043750 0.022500
leaf 0.351250 0.086250 0.095000 0.087500
leaf 0.419375 0.076667 0.026250 0.040000
leaf 0.720000 0.108750 0.062500 0.039167
leaf 0.591875 0.088333 0.088750 0.065000
leaf 0.666250 0.072083 0.062500 0.042500
leaf 0.628125 0.148333 0.051250 0.041667
leaf 0.578125 0.125000 0.031250 0.036667
leaf 0.541875 0.201667 0.048750 0.026667
leaf 0.396250 0.212500 0.047500 0.061667
leaf 0.340000 0.253333 0.085000 0.031667
leaf 0.281250 0.335000 0.080000 0.036667
leaf 0.297500 0.426667 0.070000 0.073333
leaf 0.176250 0.433750 0.132500 0.100833
leaf 0.216250 0.551250 0.110000 0.055833
leaf 0.146875 0.525000 0.038750 0.048333
leaf 0.161875 0.640833 0.026250 0.055000
leaf 0.204375 0.695833 0.036250 0.035000
leaf 0.183125 0.723333 0.078750 0.025000
leaf 0.391875 0.692917 0.118750 0.095833
leaf 0.301250 0.671250 0.037500 0.044167
leaf 0.478750 0.678333 0.055000 0.053333
leaf 0.501875 0.636667 0.036250 0.040000
leaf 0.600625 0.702083 0.048750 0.035833
leaf 0.786875 0.636250 0.073750 0.029167
leaf 0.570625 0.595000 0.023750 0.046667
leaf 0.641875 0.601667 0.021250 0.025000
leaf 0.701875 0.577917 0.108750 0.105833
leaf 0.515000 0.389167 0.045000 0.023333
leaf 0.465000 0.362083 0.040000 0.082500
leaf 0.402500 0.336667 0.052500 0.040000
leaf 0.743750 0.302917 0.140000 0.095833
stem 0.486875 0.201667 0.023750 0.031667
stem 0.514375 0.142917 0.018750 0.014167
stem 0.550625 0.126667 0.036250 0.073333
stem 0.574375 0.191667 0.011250 0.080000
stem 0.658125 0.182083 0.028750 0.092500
stem 0.628750 0.245417 0.020000 0.025833
stem 0.601875 0.292500 0.048750 0.063333
stem 0.482500 0.287083 0.090000 0.057500
stem 0.556250 0.433750 0.062500 0.189167
stem 0.628125 0.486667 0.051250 0.128333
stem 0.780625 0.543750 0.043750 0.015833
stem 0.276875 0.630833 0.048750 0.041667
stem 0.528750 0.833750 0.220000 0.200833
stem 0.653750 0.677917 0.045000 0.092500
stem 0.546250 0.630417 0.040000 0.197500
stem 0.711250 0.362083 0.027500 0.029167
leaf 0.251250 0.675000 0.035000 0.031667
leaf 0.062500 0.597917 0.062500 0.045833
leaf 0.088125 0.552083 0.028750 0.030833
