fruit 0.397500 0.260417 0.042500 0.032500
fruit 0.447500 0.267917 0.040000 0.029167
fruit 0.466875 0.212917 0.026250 0.029167
fruit 0.495000 0.259583 0.020000 0.022500
fruit 0.581875 0.405417 0.043750 0.037500
fruit 0.645000 0.442083 0.045000 0.029167
fruit 0.453750 0.428750 0.035000 0.014167
fruit 0.385625 0.463750 0.043750 0.027500
fruit 0.501250 0.560000 0.037500 0.023333
fruit 0.694375 0.674583 0.041250 0.024167
fruit 0.610625 0.664583 0.031250 0.022500
fruit 0.579375 0.679167 0.036250 0.018333
fruit 0.681875 0.705000 0.046250 0.023333
fruit 0.624375 0.723333 0.038750 0.025000
leaf 0.628750 0.071667 0.110000 0.106667
leaf 0.845625 0.134167 0.281250 0.198333
leaf 0.882500 0.292083 0.202500 0.120833
leaf 0.816250 0.387917 0.190000 0.065833
leaf 0.729375 0.285000 0.088750 0.120000
leaf 0.638125 0.183333 0.121250 0.125000
leaf 0.522500 0.162083 0.120000 0.154167
leaf 0.636875 0.377083 0.111250 0.109167
leaf 0.374375 0.128333 0.096250 0.155000
leaf 0.278750 0.107083 0.120000 0.110833
leaf 0.106875 0.146667 0.198750 0.110000
leaf 0.219375 0.218333 0.311250 0.091667
leaf 0.516875 0.353333 0.143750 0.150000
leaf 0.553750 0.472083 0.130000 0.124167
leaf 0.381250 0.319583 0.137500 0.125833
leaf 0.235000 0.305417 0.155000 0.092500
leaf 0.386875 0.409167 0.203750 0.065000
leaf 0.086250 0.375417 0.145000 0.157500
leaf 0.221875 0.423750 0.146250 0.144167
leaf 0.368750 0.500000 0.187500 0.106667
leaf 0.424375 0.579167 0.218750 0.081667
leaf 0.169375 0.565833 0.256250 0.075000
leaf 0.621875 0.632917 0.111250 0.087500
leaf 0.491250 0.668750 0.182500 0.079167
leaf 0.586875 0.788333 0.126250 0.113333
stem 0.326875 0.249167 0.118750 0.021667
stem 0.425000 0.220000 0.065000 0.053333
stem 0.738125 0.350417 0.026250 0.054167
stem 0.472500 0.459583 0.047500 0.020833
stem 0.472500 0.498750 0.045000 0.079167
stem 0.270625 0.516250 0.061250 0.044167
stem 0.661875 0.500000 0.091250 0.088333
stem 0.543750 0.592917 0.065000 0.035833
stem 0.818750 0.582083 0.210000 0.292500
leaf 0.522500 0.740417 0.147500 0.077500
leaf 0.372500 0.761667 0.167500 0.096667
leaf 0.128125 0.499167 0.226250 0.085000
leaf 0.593750 0.289167 0.172500 0.105000
