flower 0.268750 0.109167 0.087500 0.106667
flower 0.350625 0.180000 0.098750 0.106667
flower 0.632500 0.134167 0.050000 0.090000
flower 0.698750 0.168750 0.082500 0.094167
flower 0.685625 0.243333 0.098750 0.086667
leaf 0.368750 0.689167 0.142500 0.096667
leaf 0.196250 0.700000 0.222500 0.103333
leaf 0.751875 0.710833 0.173750 0.105000
leaf 0.560625 0.742917 0.203750 0.109167
stem 0.307500 0.445833 0.037500 0.425000
stem 0.676250 0.490833 0.037500 0.405000
stem 0.333750 0.877500 0.055000 0.245000
stem 0.658125 0.897917 0.046250 0.204167
