flower 0.473750 0.138333 0.030000 0.023333
flower 0.174375 0.262917 0.028750 0.020833
flower 0.274375 0.341667 0.073750 0.041667
flower 0.436875 0.259167 0.048750 0.031667
flower 0.444375 0.222500 0.038750 0.021667
flower 0.433125 0.193750 0.056250 0.040833
flower 0.460625 0.177917 0.031250 0.027500
flower 0.516250 0.288333 0.025000 0.021667
flower 0.489375 0.285417 0.028750 0.022500
flower 0.733125 0.373750 0.053750 0.030833
flower 0.684375 0.360833 0.033750 0.035000
flower 0.670000 0.332500 0.047500 0.031667
flower 0.527500 0.582083 0.040000 0.022500
flower 0.501250 0.535417 0.035000 0.024167
flower 0.466875 0.505833 0.033750 0.025000
flower 0.587500 0.521667 0.022500 0.021667
flower 0.546250 0.484583 0.027500 0.017500
flower 0.559375 0.450833 0.038750 0.051667
flower 0.499375 0.448333 0.068750 0.033333
flower 0.613125 0.626667 0.023750 0.016667
flower 0.818750 0.724583 0.032500 0.027500
flower 0.889375 0.670833 0.068750 0.060000
leaf 0.204375 0.374583 0.256250 0.044167
leaf 0.606875 0.325833 0.236250 0.158333
leaf 0.791250 0.309583 0.080000 0.162500
leaf 0.886250 0.400000 0.170000 0.046667
leaf 0.348125 0.424167 0.058750 0.135000
leaf 0.490625 0.451250 0.123750 0.180833
leaf 0.513125 0.544583 0.136250 0.092500
leaf 0.755625 0.558333 0.301250 0.096667
stem 0.389375 0.525833 0.031250 0.300000
stem 0.800625 0.478333 0.051250 0.088333
stem 0.861875 0.722500 0.038750 0.036667
stem 0.806875 0.752500 0.051250 0.018333
leaf 0.558750 0.130833 0.195000 0.243333
leaf 0.230000 0.182083 0.407500 0.335833
leaf 0.686250 0.450000 0.222500 0.141667
stem 0.545000 0.755417 0.535000 0.300833
stem 0.355000 0.582917 0.122500 0.155833
