leaf 0.156250 0.593750 0.250000 0.145833
leaf 0.179375 0.686250 0.098750 0.057500
leaf 0.277500 0.761667 0.127500 0.076667
leaf 0.380000 0.705000 0.107500 0.103333
leaf 0.451250 0.402083 0.122500 0.159167
leaf 0.615625 0.487083 0.263750 0.102500
leaf 0.595625 0.392500 0.236250 0.088333
leaf 0.659375 0.219167 0.108750 0.118333
leaf 0.858750 0.283333 0.200000 0.126667
leaf 0.833125 0.433750 0.143750 0.165833
stem 0.734375 0.359167 0.061250 0.118333
stem 0.419375 0.779167 0.133750 0.041667
stem 0.656250 0.752083 0.450000 0.439167
stem 0.894375 0.500833 0.041250 0.033333
