fruit 0.281875 0.266667 0.151250 0.070000
fruit 0.479375 0.283750 0.166250 0.062500
fruit 0.838750 0.438333 0.172500 0.070000
fruit 0.423125 0.552917 0.128750 0.117500
fruit 0.740000 0.664167 0.120000 0.088333
fruit 0.636875 0.776250 0.126250 0.092500
leaf 0.297500 0.054167 0.175000 0.106667
leaf 0.137500 0.099167 0.222500 0.108333
leaf 0.132500 0.248333 0.177500 0.151667
leaf 0.356250 0.212500 0.170000 0.105000
leaf 0.677500 0.190833 0.175000 0.081667
leaf 0.767500 0.227917 0.095000 0.085833
leaf 0.593750 0.259583 0.180000 0.082500
leaf 0.624375 0.332917 0.196250 0.072500
leaf 0.711250 0.369583 0.157500 0.102500
leaf 0.622500 0.580000 0.200000 0.168333
leaf 0.837500 0.596667 0.212500 0.230000
stem 0.252500 0.625417 0.217500 0.217500
stem 0.482500 0.682083 0.367500 0.095833
stem 0.369375 0.416250 0.033750 0.212500
stem 0.585000 0.458333 0.360000 0.063333
stem 0.810000 0.285417 0.067500 0.057500
stem 0.701250 0.137500 0.127500 0.028333
stem 0.491250 0.129167 0.242500 0.061667
stem 0.320000 0.136250 0.130000 0.044167
stem 0.477500 0.383333 0.092500 0.093333
