flower 0.557500 0.099167 0.065000 0.055000
flower 0.496250 0.090833 0.075000 0.050000
flower 0.593750 0.380833 0.075000 0.075000
flower 0.796250 0.351667 0.080000 0.036667
flower 0.766875 0.356667 0.061250 0.046667
flower 0.296875 0.483750 0.038750 0.037500
leaf 0.268750 0.224167 0.272500 0.253333
leaf 0.570000 0.227917 0.317500 0.224167
leaf 0.421875 0.555417 0.181250 0.120833
leaf 0.205000 0.522083 0.130000 0.157500
leaf 0.575000 0.447500 0.162500 0.146667
leaf 0.717500 0.422917 0.172500 0.157500
leaf 0.888750 0.413750 0.165000 0.160833
stem 0.754375 0.622500 0.201250 0.211667
stem 0.238750 0.769167 0.215000 0.341667
stem 0.465000 0.429167 0.077500 0.135000
stem 0.561875 0.582917 0.098750 0.139167
leaf 0.444375 0.098333 0.138750 0.153333
leaf 0.323750 0.520000 0.117500 0.120000
leaf 0.093125 0.488333 0.121250 0.151667
leaf 0.756875 0.322500 0.136250 0.031667
