fruit 0.170625 0.397500 0.096250 0.043333
fruit 0.187500 0.366667 0.090000 0.038333
fruit 0.230625 0.332500 0.106250 0.038333
fruit 0.240625 0.245833 0.051250 0.040000
fruit 0.271250 0.210000 0.040000 0.030000
fruit 0.178125 0.206667 0.056250 0.041667
fruit 0.208750 0.174167 0.110000 0.041667
leaf 0.126250 0.337083 0.177500 0.115833
leaf 0.342500 0.308333 0.197500 0.186667
leaf 0.689375 0.359583 0.403750 0.217500
leaf 0.509375 0.472500 0.308750 0.328333
leaf 0.168750 0.636667 0.167500 0.151667
stem 0.336875 0.464583 0.071250 0.125833
stem 0.496250 0.783333 0.112500 0.143333
stem 0.212500 0.234583 0.035000 0.020833
