flower 0.691250 0.219583 0.022500 0.014167
flower 0.395625 0.352083 0.026250 0.019167
leaf 0.678750 0.184583 0.162500 0.067500
leaf 0.720000 0.306667 0.047500 0.020000
leaf 0.786875 0.309583 0.113750 0.054167
leaf 0.481875 0.337917 0.163750 0.060833
leaf 0.454375 0.260833 0.201250 0.100000
leaf 0.351875 0.322500 0.098750 0.090000
leaf 0.386875 0.407083 0.148750 0.077500
stem 0.418125 0.600417 0.061250 0.307500
stem 0.706875 0.260417 0.073750 0.067500
stem 0.693125 0.500833 0.058750 0.361667
stem 0.645625 0.779167 0.023750 0.041667
