fruit 0.651250 0.671667 0.032500 0.026667
fruit 0.618750 0.697500 0.030000 0.018333
fruit 0.813750 0.543333 0.022500 0.016667
fruit 0.681250 0.557083 0.037500 0.027500
fruit 0.613125 0.550417 0.063750 0.025833
fruit 0.524375 0.643333 0.056250 0.036667
fruit 0.490000 0.622917 0.037500 0.042500
fruit 0.245000 0.567917 0.035000 0.020833
fruit 0.263125 0.515000 0.056250 0.053333
fruit 0.466875 0.577500 0.031250 0.038333
fruit 0.511875 0.553333 0.028750 0.015000
fruit 0.473125 0.537500 0.046250 0.040000
fruit 0.536875 0.519167 0.036250 0.038333
fruit 0.593125 0.503333 0.048750 0.020000
fruit 0.351250 0.562083 0.022500 0.017500
fruit 0.383125 0.521667 0.076250 0.040000
fruit 0.310625 0.483333 0.028750 0.020000
fruit 0.423750 0.500417 0.047500 0.035833
fruit 0.369375 0.484167 0.046250 0.031667
fruit 0.402500 0.472083 0.025000 0.017500
fruit 0.426250 0.453333 0.050000 0.036667
fruit 0.460625 0.419583 0.026250 0.022500
fruit 0.510625 0.437500 0.056250 0.046667
fruit 0.506875 0.478333 0.073750 0.026667
fruit 0.576250 0.447500 0.060000 0.038333
fruit 0.584375 0.478333 0.018750 0.018333
leaf 0.569375 0.197500 0.161250 0.270000
leaf 0.329375 0.305417 0.313750 0.445833
leaf 0.783125 0.266667 0.353750 0.430000
leaf 0.692500 0.681667 0.575000 0.286667
stem 0.561250 0.600000 0.115000 0.040000
stem 0.506250 0.364167 0.030000 0.053333
stem 0.402500 0.661250 0.117500 0.160833
fruit 0.926250 0.567083 0.027500 0.020833
