fruit 0.728125 0.202500 0.023750 0.033333
fruit 0.216875 0.107917 0.048750 0.014167
leaf 0.266875 0.654583 0.121250 0.094167
leaf 0.255000 0.581667 0.142500 0.050000
leaf 0.596875 0.645000 0.056250 0.075000
leaf 0.702500 0.647500 0.027500 0.051667
leaf 0.670000 0.621667 0.045000 0.035000
leaf 0.695000 0.562917 0.047500 0.077500
leaf 0.640000 0.567500 0.102500 0.061667
leaf 0.444375 0.541250 0.073750 0.074167
leaf 0.410625 0.503333 0.066250 0.060000
leaf 0.329375 0.560000 0.108750 0.033333
leaf 0.291250 0.541250 0.142500 0.037500
leaf 0.325000 0.487083 0.107500 0.087500
leaf 0.276250 0.498333 0.112500 0.050000
leaf 0.512500 0.477083 0.142500 0.064167
leaf 0.585000 0.445417 0.125000 0.030833
leaf 0.526250 0.405833 0.097500 0.068333
leaf 0.702500 0.427500 0.042500 0.061667
leaf 0.754375 0.417500 0.066250 0.038333
leaf 0.776250 0.377083 0.077500 0.057500
leaf 0.748750 0.345833 0.047500 0.053333
leaf 0.690625 0.249583 0.053750 0.077500
leaf 0.649375 0.208750 0.101250 0.052500
leaf 0.776875 0.222083 0.108750 0.055833
leaf 0.742500 0.153750 0.067500 0.070833
leaf 0.148750 0.385833 0.127500 0.048333
leaf 0.150000 0.341667 0.132500 0.036667
leaf 0.731875 0.098333 0.121250 0.050000
leaf 0.641250 0.083750 0.067500 0.060833
leaf 0.451250 0.126250 0.050000 0.055833
leaf 0.510000 0.110833 0.115000 0.046667
leaf 0.488125 0.054583 0.111250 0.084167
leaf 0.361250 0.200833 0.102500 0.060000
leaf 0.276250 0.194583 0.065000 0.060833
leaf 0.360625 0.141667 0.073750 0.050000
leaf 0.204375 0.154167 0.048750 0.063333
leaf 0.278750 0.132083 0.085000 0.060833
leaf 0.204375 0.076667 0.071250 0.046667
leaf 0.133750 0.075417 0.047500 0.047500
leaf 0.088125 0.104167 0.108750 0.035000
stem 0.171875 0.213750 0.033750 0.205833
stem 0.238750 0.177083 0.047500 0.017500
stem 0.126250 0.461250 0.175000 0.122500
stem 0.340625 0.418333 0.266250 0.053333
stem 0.456250 0.640000 0.237500 0.070000
stem 0.645625 0.350000 0.156250 0.083333
stem 0.536875 0.272500 0.123750 0.121667
stem 0.316875 0.290000 0.203750 0.108333
stem 0.492500 0.199583 0.145000 0.092500
stem 0.606250 0.141250 0.092500 0.050833
stem 0.663750 0.777083 0.412500 0.197500
stem 0.743125 0.650000 0.043750 0.056667
