flower 0.498750 0.265000 0.030000 0.016667
flower 0.465000 0.258750 0.035000 0.027500
flower 0.412500 0.259583 0.022500 0.017500
flower 0.371250 0.255833 0.042500 0.025000
leaf 0.806250 0.491667 0.285000 0.091667
leaf 0.733125 0.356667 0.168750 0.175000
leaf 0.594375 0.281250 0.178750 0.202500
leaf 0.396875 0.437500 0.161250 0.131667
stem 0.288750 0.442500 0.095000 0.130000
stem 0.560625 0.466667 0.188750 0.156667
stem 0.488125 0.700000 0.273750 0.293333
leaf 0.900000 0.402917 0.165000 0.049167
leaf 0.140625 0.301667 0.261250 0.231667
leaf 0.371875 0.252500 0.263750 0.250000
