flower 0.449375 0.176250 0.066250 0.049167
flower 0.202500 0.242917 0.067500 0.047500
flower 0.874375 0.433333 0.058750 0.040000
flower 0.551250 0.657083 0.065000 0.042500
leaf 0.588125 0.187500 0.296250 0.113333
leaf 0.310625 0.130000 0.278750 0.228333
leaf 0.515000 0.284167 0.212500 0.091667
leaf 0.761250 0.347917 0.307500 0.182500
leaf 0.533750 0.451250 0.122500 0.114167
leaf 0.722500 0.454583 0.285000 0.102500
leaf 0.236875 0.324583 0.181250 0.150833
leaf 0.320625 0.519583 0.301250 0.225833
leaf 0.901875 0.626667 0.113750 0.230000
leaf 0.680000 0.615000 0.350000 0.148333
leaf 0.547500 0.747500 0.220000 0.255000
stem 0.238750 0.729167 0.167500 0.191667
stem 0.141875 0.574583 0.056250 0.130833
stem 0.378125 0.715833 0.108750 0.241667
stem 0.780625 0.732083 0.123750 0.084167
stem 0.861875 0.533750 0.048750 0.122500
stem 0.590625 0.517500 0.086250 0.031667
stem 0.369375 0.334167 0.103750 0.140000
stem 0.288125 0.274167 0.073750 0.050000
stem 0.533750 0.910000 0.095000 0.063333
