flower 0.558750 0.064583 0.037500 0.024167
flower 0.476875 0.057917 0.048750 0.014167
flower 0.436250 0.076667 0.037500 0.030000
flower 0.846875 0.177917 0.041250 0.019167
flower 0.917500 0.239583 0.057500 0.024167
flower 0.910000 0.162500 0.042500 0.028333
flower 0.835625 0.482917 0.036250 0.024167
flower 0.821875 0.430417 0.021250 0.022500
flower 0.757500 0.437917 0.035000 0.017500
flower 0.701875 0.392083 0.018750 0.012500
flower 0.632500 0.374167 0.042500 0.038333
flower 0.620625 0.417500 0.021250 0.008333
flower 0.590000 0.379167 0.055000 0.025000
flower 0.596250 0.437500 0.017500 0.011667
flower 0.580000 0.408750 0.022500 0.012500
flower 0.510000 0.430417 0.040000 0.027500
flower 0.393125 0.143333 0.026250 0.016667
flower 0.393125 0.209167 0.048750 0.020000
flower 0.395000 0.248333 0.025000 0.013333
flower 0.307500 0.173750 0.022500 0.012500
flower 0.338750 0.139167 0.037500 0.025000
flower 0.311875 0.152083 0.028750 0.019167
flower 0.360625 0.429167 0.046250 0.025000
flower 0.421875 0.368333 0.046250 0.030000
flower 0.400625 0.375000 0.026250 0.013333
flower 0.369375 0.348750 0.046250 0.030833
flower 0.336250 0.349167 0.025000 0.011667
flower 0.340000 0.387917 0.060000 0.027500
flower 0.110000 0.409583 0.022500 0.014167
flower 0.113750 0.339167 0.042500 0.025000
flower 0.104375 0.312500 0.023750 0.031667
flower 0.197500 0.335417 0.020000 0.012500
flower 0.255000 0.271250 0.037500 0.020833
flower 0.218750 0.263750 0.022500 0.020833
flower 0.215625 0.238750 0.028750 0.014167
flower 0.183125 0.245833 0.033750 0.020000
flower 0.188750 0.228750 0.022500 0.010833
flower 0.127500 0.246667 0.020000 0.008333
flower 0.150625 0.222083 0.066250 0.030833
leaf 0.552500 0.113333 0.110000 0.103333
flower 0.461875 0.076250 0.021250 0.017500
leaf 0.475000 0.079583 0.065000 0.052500
leaf 0.583125 0.182500 0.096250 0.048333
leaf 0.374375 0.222500 0.118750 0.038333
leaf 0.240000 0.210000 0.125000 0.036667
leaf 0.331250 0.297083 0.147500 0.067500
leaf 0.174375 0.292500 0.143750 0.085000
flower 0.087500 0.264583 0.022500 0.015833
flower 0.085000 0.302500 0.017500 0.021667
flower 0.087500 0.344583 0.022500 0.024167
leaf 0.327500 0.368333 0.155000 0.088333
leaf 0.123125 0.438333 0.206250 0.106667
leaf 0.339375 0.447083 0.166250 0.069167
leaf 0.466250 0.403333 0.097500 0.050000
leaf 0.331875 0.730833 0.061250 0.056667
leaf 0.398125 0.660417 0.101250 0.104167
leaf 0.338750 0.577500 0.097500 0.126667
leaf 0.472500 0.543333 0.202500 0.131667
leaf 0.526875 0.469167 0.096250 0.085000
leaf 0.735625 0.533750 0.138750 0.044167
leaf 0.661250 0.479167 0.082500 0.088333
leaf 0.570000 0.406250 0.072500 0.054167
leaf 0.725625 0.452083 0.061250 0.080833
leaf 0.826250 0.490417 0.065000 0.037500
leaf 0.793125 0.438333 0.038750 0.063333
leaf 0.557500 0.295000 0.170000 0.051667
leaf 0.832500 0.232083 0.082500 0.102500
leaf 0.918125 0.280000 0.126250 0.046667
stem 0.390000 0.175000 0.087500 0.035000
stem 0.453750 0.201667 0.065000 0.046667
stem 0.293125 0.235000 0.031250 0.050000
stem 0.555625 0.241250 0.158750 0.059167
stem 0.744375 0.345833 0.173750 0.120000
stem 0.241875 0.440833 0.038750 0.045000
stem 0.263750 0.503750 0.045000 0.047500
stem 0.718125 0.618750 0.123750 0.127500
stem 0.621875 0.546667 0.081250 0.028333
stem 0.315000 0.619583 0.010000 0.044167
stem 0.328750 0.667500 0.032500 0.061667
stem 0.335000 0.817500 0.055000 0.121667
stem 0.469375 0.606667 0.041250 0.025000
stem 0.594375 0.462083 0.053750 0.030833
stem 0.685625 0.420417 0.031250 0.024167
stem 0.638750 0.401250 0.015000 0.024167
leaf 0.176250 0.359583 0.150000 0.052500
flower 0.938125 0.191667 0.046250 0.026667
