flower 0.086250 0.422083 0.132500 0.087500
flower 0.127500 0.325000 0.022500 0.023333
flower 0.099375 0.277083 0.046250 0.039167
flower 0.651875 0.343750 0.081250 0.049167
leaf 0.625625 0.150833 0.301250 0.200000
leaf 0.104375 0.298333 0.198750 0.140000
leaf 0.664375 0.472083 0.373750 0.452500
leaf 0.296250 0.649167 0.440000 0.231667
leaf 0.493125 0.805000 0.498750 0.246667
stem 0.263125 0.320417 0.116250 0.165833
stem 0.558125 0.257083 0.051250 0.019167
stem 0.760625 0.311250 0.056250 0.114167
stem 0.913125 0.625833 0.098750 0.185000
leaf 0.418125 0.170417 0.221250 0.155833
leaf 0.155625 0.138333 0.296250 0.206667
stem 0.740625 0.134167 0.038750 0.096667
