flower 0.443125 0.245833 0.076250 0.041667
flower 0.508125 0.217500 0.091250 0.055000
flower 0.543125 0.314167 0.021250 0.013333
flower 0.426875 0.337083 0.031250 0.014167
flower 0.478125 0.326250 0.023750 0.020833
flower 0.440000 0.318333 0.025000 0.018333
leaf 0.451875 0.273750 0.108750 0.035833
leaf 0.343750 0.260000 0.057500 0.033333
leaf 0.691250 0.172083 0.355000 0.237500
leaf 0.461250 0.343333 0.100000 0.075000
leaf 0.189375 0.372500 0.341250 0.166667
leaf 0.893125 0.523750 0.176250 0.132500
leaf 0.819375 0.418333 0.146250 0.160000
leaf 0.638750 0.521667 0.142500 0.093333
leaf 0.612500 0.467083 0.052500 0.059167
leaf 0.679375 0.723750 0.146250 0.140833
stem 0.669375 0.619167 0.043750 0.100000
stem 0.731250 0.587083 0.142500 0.032500
stem 0.747500 0.529583 0.057500 0.039167
stem 0.552500 0.424167 0.075000 0.091667
stem 0.391250 0.315000 0.030000 0.063333
stem 0.513750 0.322083 0.022500 0.057500
stem 0.403750 0.370000 0.072500 0.015000
stem 0.322500 0.623333 0.580000 0.353333
root 0.695625 0.874583 0.528750 0.159167
