fruit 0.197500 0.266250 0.060000 0.032500
fruit 0.660625 0.552083 0.053750 0.034167
leaf 0.903750 0.160833 0.100000 0.121667
leaf 0.758750 0.092917 0.155000 0.124167
leaf 0.607500 0.065833 0.212500 0.120000
leaf 0.683125 0.207917 0.268750 0.182500
leaf 0.525625 0.245417 0.126250 0.139167
leaf 0.180625 0.233333 0.198750 0.080000
leaf 0.215000 0.341250 0.232500 0.124167
leaf 0.443750 0.366250 0.225000 0.067500
leaf 0.638750 0.400833 0.112500 0.041667
leaf 0.527500 0.411667 0.145000 0.093333
leaf 0.373125 0.430833 0.188750 0.066667
leaf 0.383750 0.511667 0.190000 0.085000
leaf 0.163750 0.470000 0.232500 0.103333
leaf 0.163750 0.562917 0.245000 0.097500
leaf 0.750000 0.634167 0.190000 0.100000
leaf 0.756875 0.554167 0.181250 0.060000
leaf 0.509375 0.612083 0.158750 0.125833
leaf 0.492500 0.718333 0.177500 0.131667
stem 0.837500 0.357083 0.067500 0.269167
stem 0.614375 0.350833 0.056250 0.031667
leaf 0.623125 0.543333 0.153750 0.141667
leaf 0.291875 0.136667 0.251250 0.128333
leaf 0.374375 0.252500 0.191250 0.165000
stem 0.695625 0.442500 0.218750 0.061667
stem 0.503125 0.866667 0.096250 0.143333
