fruit 0.385000 0.267917 0.065000 0.049167
leaf 0.397500 0.125000 0.127500 0.076667
leaf 0.465625 0.185000 0.076250 0.053333
leaf 0.396250 0.188750 0.102500 0.044167
leaf 0.260625 0.188333 0.181250 0.116667
leaf 0.290000 0.287083 0.142500 0.099167
leaf 0.390625 0.327083 0.053750 0.045833
leaf 0.275000 0.357083 0.155000 0.050833
leaf 0.368750 0.385833 0.102500 0.065000
leaf 0.415625 0.531667 0.096250 0.063333
leaf 0.446875 0.441667 0.053750 0.100000
leaf 0.495625 0.564167 0.061250 0.035000
leaf 0.505000 0.601250 0.080000 0.040833
leaf 0.535625 0.630417 0.083750 0.045833
leaf 0.596875 0.706667 0.061250 0.053333
leaf 0.596250 0.555000 0.037500 0.023333
leaf 0.530625 0.460417 0.108750 0.079167
leaf 0.621250 0.444583 0.055000 0.052500
leaf 0.506875 0.397917 0.161250 0.057500
leaf 0.576875 0.356667 0.051250 0.066667
leaf 0.549375 0.318333 0.068750 0.060000
leaf 0.548125 0.272500 0.076250 0.051667
leaf 0.445625 0.241250 0.126250 0.084167
stem 0.600000 0.374583 0.020000 0.040833
stem 0.501250 0.522500 0.052500 0.045000
stem 0.558750 0.535833 0.062500 0.081667
stem 0.563750 0.598750 0.030000 0.039167
stem 0.597500 0.660000 0.025000 0.033333
stem 0.646250 0.763333 0.042500 0.128333
