flower 0.486250 0.743750 0.052500 0.034167
flower 0.476875 0.546667 0.051250 0.030000
flower 0.446250 0.530833 0.020000 0.008333
flower 0.431250 0.564583 0.037500 0.034167
flower 0.440000 0.627500 0.057500 0.038333
flower 0.417500 0.603333 0.060000 0.040000
flower 0.420000 0.765417 0.032500 0.015833
leaf 0.717500 0.380417 0.257500 0.705833
leaf 0.272500 0.363333 0.220000 0.666667
flower 0.363750 0.577083 0.015000 0.019167
flower 0.298750 0.599167 0.030000 0.015000
stem 0.380000 0.628333 0.022500 0.231667
stem 0.328125 0.730000 0.126250 0.056667
stem 0.444375 0.686667 0.136250 0.070000
stem 0.572500 0.687917 0.062500 0.062500
stem 0.595625 0.760000 0.156250 0.048333
stem 0.557500 0.721667 0.092500 0.040000
stem 0.533125 0.784583 0.236250 0.025833
