fruit 0.089375 0.330833 0.076250 0.083333
fruit 0.391875 0.425833 0.071250 0.065000
fruit 0.285000 0.358333 0.110000 0.056667
fruit 0.195625 0.318750 0.081250 0.030833
fruit 0.375625 0.332917 0.101250 0.067500
fruit 0.330000 0.272083 0.050000 0.052500
fruit 0.340000 0.239167 0.052500 0.076667
fruit 0.713750 0.086250 0.092500 0.070833
leaf 0.553750 0.082083 0.030000 0.012500
leaf 0.467500 0.114583 0.045000 0.014167
leaf 0.405000 0.098750 0.065000 0.080833
leaf 0.367500 0.067083 0.057500 0.094167
leaf 0.373125 0.216667 0.051250 0.038333
leaf 0.270000 0.111250 0.075000 0.042500
leaf 0.264375 0.150833 0.116250 0.033333
leaf 0.273125 0.188333 0.096250 0.040000
leaf 0.181250 0.186250 0.092500 0.080833
leaf 0.194375 0.133333 0.088750 0.030000
leaf 0.240000 0.232500 0.050000 0.021667
leaf 0.123125 0.297500 0.051250 0.051667
leaf 0.224375 0.277083 0.061250 0.050833
leaf 0.266875 0.312500 0.068750 0.068333
leaf 0.148750 0.347917 0.050000 0.049167
leaf 0.051875 0.387917 0.096250 0.069167
leaf 0.195625 0.351667 0.033750 0.050000
leaf 0.222500 0.375833 0.052500 0.033333
leaf 0.240625 0.406667 0.051250 0.023333
leaf 0.088750 0.450417 0.052500 0.024167
leaf 0.176875 0.504583 0.041250 0.012500
leaf 0.115000 0.548750 0.110000 0.079167
leaf 0.398125 0.743333 0.036250 0.041667
leaf 0.291250 0.722917 0.075000 0.049167
leaf 0.221875 0.731250 0.101250 0.059167
leaf 0.129375 0.730417 0.088750 0.069167
leaf 0.129375 0.678333 0.063750 0.025000
leaf 0.178750 0.669583 0.057500 0.037500
leaf 0.284375 0.622083 0.086250 0.052500
leaf 0.221875 0.540833 0.033750 0.018333
leaf 0.508750 0.555417 0.092500 0.034167
leaf 0.519375 0.505000 0.093750 0.070000
leaf 0.555625 0.435833 0.061250 0.055000
leaf 0.359375 0.424167 0.061250 0.050000
leaf 0.423125 0.358333 0.051250 0.043333
leaf 0.720625 0.092500 0.076250 0.041667
leaf 0.675625 0.117083 0.063750 0.020833
leaf 0.643750 0.090000 0.022500 0.053333
leaf 0.648125 0.134583 0.076250 0.029167
leaf 0.610000 0.100833 0.025000 0.045000
leaf 0.574375 0.142500 0.031250 0.030000
leaf 0.574375 0.110833 0.028750 0.026667
leaf 0.618750 0.163333 0.035000 0.066667
leaf 0.770000 0.175000 0.107500 0.028333
leaf 0.692500 0.172083 0.077500 0.032500
leaf 0.645000 0.183333 0.032500 0.061667
leaf 0.593125 0.191667 0.036250 0.030000
leaf 0.556875 0.186667 0.023750 0.026667
leaf 0.550000 0.212917 0.022500 0.030833
leaf 0.603125 0.242500 0.086250 0.065000
leaf 0.685625 0.222500 0.063750 0.021667
leaf 0.706250 0.200000 0.095000 0.033333
leaf 0.853125 0.231667 0.046250 0.015000
leaf 0.810000 0.241250 0.042500 0.032500
leaf 0.744375 0.285833 0.068750 0.038333
leaf 0.648750 0.305417 0.092500 0.019167
leaf 0.711250 0.321250 0.030000 0.040833
leaf 0.778125 0.350417 0.088750 0.037500
leaf 0.794375 0.388333 0.088750 0.036667
leaf 0.725000 0.410417 0.045000 0.055833
leaf 0.675000 0.347917 0.045000 0.064167
stem 0.194375 0.618333 0.091250 0.060000
stem 0.332500 0.562083 0.257500 0.045833
stem 0.344375 0.487083 0.286250 0.052500
stem 0.782500 0.494583 0.407500 0.107500
stem 0.245625 0.450000 0.066250 0.053333
stem 0.878125 0.341250 0.093750 0.192500
stem 0.493125 0.248333 0.103750 0.258333
stem 0.808125 0.203333 0.113750 0.030000
stem 0.728125 0.249167 0.086250 0.035000
stem 0.681875 0.263750 0.053750 0.049167
stem 0.135000 0.250833 0.117500 0.041667
leaf 0.761875 0.317500 0.068750 0.031667
leaf 0.716250 0.375417 0.050000 0.047500
leaf 0.658750 0.392083 0.080000 0.062500
leaf 0.573750 0.325417 0.055000 0.055833
leaf 0.590625 0.360000 0.098750 0.063333
leaf 0.337500 0.127917 0.055000 0.070833
leaf 0.448750 0.079167 0.042500 0.030000
leaf 0.460625 0.017917 0.043750 0.034167
leaf 0.453750 0.043750 0.050000 0.017500
