fruit 0.806875 0.081667 0.183750 0.160000
fruit 0.513125 0.119583 0.241250 0.180833
fruit 0.431250 0.294167 0.137500 0.156667
fruit 0.475625 0.335000 0.068750 0.186667
flower 0.403750 0.547083 0.020000 0.014167
flower 0.206875 0.535417 0.051250 0.032500
flower 0.494375 0.465417 0.018750 0.022500
flower 0.327500 0.353750 0.055000 0.030833
flower 0.196875 0.408333 0.041250 0.010000
flower 0.103125 0.327500 0.036250 0.023333
flower 0.323750 0.266667 0.065000 0.050000
flower 0.291875 0.255833 0.021250 0.008333
flower 0.268750 0.260417 0.022500 0.010833
flower 0.198125 0.232500 0.018750 0.020000
flower 0.127500 0.198333 0.030000 0.020000
flower 0.158125 0.217500 0.041250 0.041667
stem 0.650000 0.196250 0.110000 0.040833
stem 0.536250 0.257917 0.067500 0.102500
stem 0.630625 0.307083 0.098750 0.052500
stem 0.568125 0.464583 0.126250 0.240833
leaf 0.667500 0.268750 0.227500 0.099167
leaf 0.270000 0.090000 0.085000 0.076667
leaf 0.749375 0.383750 0.236250 0.114167
leaf 0.268750 0.407917 0.235000 0.074167
stem 0.266250 0.181250 0.055000 0.119167
stem 0.193750 0.308333 0.127500 0.126667
stem 0.276875 0.334167 0.051250 0.080000
stem 0.122500 0.365000 0.082500 0.053333
stem 0.397500 0.435833 0.085000 0.111667
stem 0.363125 0.752917 0.308750 0.382500
stem 0.297500 0.501667 0.182500 0.115000
stem 0.094375 0.295417 0.036250 0.035833
