flower 0.255000 0.519167 0.057500 0.035000
flower 0.377500 0.548333 0.027500 0.021667
flower 0.430625 0.646250 0.023750 0.017500
flower 0.614375 0.755833 0.023750 0.023333
flower 0.872500 0.708750 0.027500 0.020833
flower 0.766250 0.607917 0.045000 0.030833
flower 0.695625 0.537917 0.026250 0.020833
flower 0.630625 0.511667 0.038750 0.020000
flower 0.463125 0.372083 0.028750 0.030833
flower 0.585625 0.225000 0.033750 0.013333
leaf 0.766875 0.154583 0.338750 0.194167
leaf 0.607500 0.277500 0.205000 0.088333
leaf 0.506250 0.128750 0.237500 0.194167
leaf 0.438125 0.252083 0.123750 0.097500
leaf 0.451875 0.343750 0.131250 0.079167
leaf 0.366250 0.463333 0.182500 0.168333
leaf 0.139375 0.432917 0.243750 0.134167
leaf 0.253750 0.550000 0.135000 0.086667
leaf 0.420625 0.552500 0.073750 0.108333
leaf 0.309375 0.601667 0.136250 0.046667
flower 0.278125 0.694167 0.028750 0.020000
flower 0.338750 0.696250 0.022500 0.020833
leaf 0.297500 0.660417 0.085000 0.090833
leaf 0.379375 0.672917 0.096250 0.082500
leaf 0.433125 0.755417 0.136250 0.089167
leaf 0.487500 0.662917 0.120000 0.112500
leaf 0.591875 0.738750 0.046250 0.049167
leaf 0.673750 0.746667 0.100000 0.060000
leaf 0.890625 0.769583 0.076250 0.062500
leaf 0.788750 0.673750 0.105000 0.114167
leaf 0.723750 0.625000 0.080000 0.046667
leaf 0.695000 0.568333 0.097500 0.080000
leaf 0.825000 0.530833 0.155000 0.078333
stem 0.508125 0.367917 0.053750 0.149167
stem 0.546250 0.534167 0.197500 0.145000
stem 0.665000 0.624583 0.040000 0.027500
stem 0.711250 0.672083 0.057500 0.047500
stem 0.788750 0.768750 0.115000 0.062500
stem 0.533125 0.740000 0.076250 0.015000
stem 0.884375 0.831667 0.083750 0.065000
leaf 0.705625 0.485000 0.148750 0.083333
