flower 0.485000 0.181250 0.045000 0.025833
flower 0.444375 0.175417 0.038750 0.032500
flower 0.416250 0.185417 0.042500 0.022500
flower 0.278125 0.452500 0.036250 0.043333
fruit 0.100000 0.727083 0.100000 0.052500
fruit 0.219375 0.699583 0.138750 0.095833
fruit 0.294375 0.772083 0.073750 0.047500
flower 0.340625 0.752500 0.051250 0.041667
fruit 0.308750 0.712083 0.062500 0.052500
flower 0.361250 0.691250 0.042500 0.034167
flower 0.434375 0.700417 0.046250 0.039167
flower 0.403750 0.727083 0.015000 0.017500
fruit 0.668750 0.536250 0.077500 0.047500
fruit 0.598125 0.519583 0.043750 0.025833
flower 0.629375 0.498750 0.031250 0.025833
leaf 0.093750 0.416250 0.167500 0.249167
leaf 0.365625 0.689583 0.148750 0.029167
leaf 0.396250 0.600000 0.072500 0.036667
leaf 0.301250 0.557500 0.080000 0.018333
flower 0.300000 0.530417 0.025000 0.015833
leaf 0.383750 0.540833 0.057500 0.078333
leaf 0.511875 0.310833 0.171250 0.290000
leaf 0.521875 0.613750 0.111250 0.195833
leaf 0.656250 0.370417 0.190000 0.499167
leaf 0.818750 0.368333 0.212500 0.230000
stem 0.223125 0.357917 0.061250 0.590833
stem 0.271875 0.596667 0.128750 0.076667
stem 0.422500 0.299167 0.080000 0.148333
stem 0.471250 0.238750 0.092500 0.052500
stem 0.313125 0.258333 0.143750 0.230000
stem 0.386875 0.415000 0.086250 0.161667
stem 0.456875 0.646667 0.038750 0.046667
stem 0.431875 0.553333 0.033750 0.061667
stem 0.516875 0.789583 0.206250 0.147500
stem 0.646250 0.667083 0.100000 0.085833
stem 0.695000 0.599583 0.070000 0.067500
leaf 0.764375 0.507083 0.026250 0.069167
stem 0.727500 0.535000 0.037500 0.060000
stem 0.760625 0.430000 0.026250 0.075000
stem 0.555625 0.117917 0.043750 0.132500
stem 0.536875 0.469583 0.031250 0.164167
