fruit 0.418125 0.658750 0.053750 0.030833
fruit 0.412500 0.506250 0.045000 0.040833
fruit 0.543750 0.427500 0.052500 0.038333
fruit 0.615000 0.433333 0.055000 0.033333
fruit 0.710625 0.375000 0.046250 0.031667
fruit 0.767500 0.349167 0.057500 0.035000
fruit 0.755625 0.317500 0.043750 0.028333
fruit 0.528750 0.278750 0.057500 0.030833
fruit 0.461875 0.312083 0.043750 0.030833
fruit 0.590000 0.181250 0.075000 0.060833
fruit 0.598750 0.110000 0.057500 0.063333
fruit 0.673750 0.143750 0.055000 0.062500
fruit 0.839375 0.191667 0.051250 0.040000
fruit 0.812500 0.147917 0.080000 0.037500
fruit 0.866875 0.123750 0.053750 0.035833
fruit 0.846875 0.075417 0.091250 0.045833
fruit 0.700000 0.048333 0.072500 0.056667
fruit 0.625000 0.047083 0.045000 0.037500
leaf 0.679375 0.664583 0.153750 0.165833
leaf 0.232500 0.189583 0.082500 0.104167
leaf 0.205000 0.330000 0.092500 0.043333
leaf 0.109375 0.212083 0.131250 0.177500
leaf 0.135625 0.741667 0.158750 0.208333
leaf 0.309375 0.721667 0.156250 0.235000
leaf 0.345000 0.561667 0.222500 0.180000
leaf 0.469375 0.506667 0.111250 0.101667
leaf 0.581875 0.460417 0.173750 0.034167
leaf 0.491250 0.404167 0.047500 0.078333
leaf 0.626250 0.328333 0.057500 0.020000
leaf 0.713750 0.175833 0.022500 0.018333
stem 0.360000 0.270417 0.160000 0.165833
stem 0.626875 0.274583 0.063750 0.087500
fruit 0.658750 0.190833 0.027500 0.016667
stem 0.795625 0.725000 0.131250 0.150000
stem 0.611875 0.531667 0.133750 0.101667
stem 0.225625 0.411250 0.063750 0.114167
stem 0.165625 0.081250 0.171250 0.100833
fruit 0.786250 0.037500 0.060000 0.035000
leaf 0.236875 0.884167 0.228750 0.091667
root 0.878125 0.838750 0.213750 0.089167
