flower 0.777500 0.567917 0.060000 0.039167
flower 0.735625 0.541667 0.068750 0.035000
flower 0.673125 0.550417 0.051250 0.029167
flower 0.351250 0.602083 0.077500 0.034167
flower 0.480625 0.577083 0.086250 0.047500
flower 0.411875 0.539167 0.071250 0.045000
flower 0.350625 0.525833 0.033750 0.023333
flower 0.252500 0.515417 0.085000 0.049167
flower 0.686250 0.424167 0.102500 0.045000
flower 0.659375 0.368750 0.073750 0.035833
flower 0.816875 0.396250 0.103750 0.050833
flower 0.853750 0.350833 0.137500 0.051667
flower 0.858125 0.302083 0.056250 0.050833
flower 0.317500 0.303333 0.095000 0.053333
flower 0.347500 0.260833 0.062500 0.025000
flower 0.408750 0.230000 0.102500 0.048333
flower 0.615625 0.110417 0.066250 0.044167
flower 0.757500 0.168750 0.052500 0.039167
flower 0.685625 0.184167 0.063750 0.025000
leaf 0.493750 0.136667 0.192500 0.095000
leaf 0.696875 0.130417 0.106250 0.085833
leaf 0.887500 0.263750 0.075000 0.112500
leaf 0.774375 0.270000 0.136250 0.113333
leaf 0.690000 0.324167 0.170000 0.125000
leaf 0.588125 0.402083 0.128750 0.069167
leaf 0.674375 0.481667 0.228750 0.086667
leaf 0.614375 0.652917 0.161250 0.094167
leaf 0.391875 0.701667 0.158750 0.153333
leaf 0.171875 0.553750 0.281250 0.097500
leaf 0.243125 0.421250 0.286250 0.184167
leaf 0.458750 0.440417 0.212500 0.160833
leaf 0.331250 0.242083 0.122500 0.070833
stem 0.603125 0.216250 0.111250 0.062500
stem 0.420625 0.321667 0.096250 0.096667
stem 0.456875 0.629583 0.128750 0.069167
stem 0.349375 0.561250 0.083750 0.049167
stem 0.807500 0.710417 0.250000 0.232500
stem 0.840000 0.508750 0.092500 0.167500
