flower 0.753750 0.240417 0.097500 0.067500
flower 0.643750 0.266250 0.087500 0.047500
flower 0.572500 0.271250 0.067500 0.050833
flower 0.488750 0.267917 0.077500 0.040833
flower 0.438750 0.225833 0.150000 0.075000
flower 0.156875 0.186667 0.086250 0.050000
flower 0.087500 0.175000 0.090000 0.065000
flower 0.211875 0.105417 0.076250 0.062500
flower 0.305625 0.064583 0.128750 0.075833
flower 0.586875 0.099583 0.108750 0.064167
flower 0.711250 0.078750 0.150000 0.069167
leaf 0.283750 0.144583 0.067500 0.077500
leaf 0.340000 0.130417 0.072500 0.049167
leaf 0.121250 0.256667 0.085000 0.083333
leaf 0.270625 0.220417 0.086250 0.062500
leaf 0.336250 0.212917 0.065000 0.070833
leaf 0.298750 0.275833 0.075000 0.073333
leaf 0.305000 0.346667 0.130000 0.090000
leaf 0.172500 0.340417 0.107500 0.082500
leaf 0.178750 0.423333 0.107500 0.100000
leaf 0.280625 0.419583 0.083750 0.085833
leaf 0.346250 0.440833 0.035000 0.043333
leaf 0.341875 0.500833 0.078750 0.085000
leaf 0.240000 0.519167 0.120000 0.111667
leaf 0.323750 0.585833 0.022500 0.025000
leaf 0.530000 0.466250 0.075000 0.082500
leaf 0.523125 0.386250 0.098750 0.070833
leaf 0.495000 0.320833 0.125000 0.066667
leaf 0.653750 0.160833 0.160000 0.075000
leaf 0.672500 0.220000 0.097500 0.056667
leaf 0.711250 0.263333 0.055000 0.078333
leaf 0.688125 0.340000 0.098750 0.073333
leaf 0.759375 0.304583 0.056250 0.064167
leaf 0.766875 0.375833 0.073750 0.056667
leaf 0.728125 0.443750 0.143750 0.112500
stem 0.454375 0.745000 0.303750 0.276667
stem 0.610625 0.669583 0.158750 0.317500
stem 0.753125 0.663750 0.056250 0.322500
