flower 0.601250 0.062917 0.035000 0.024167
flower 0.726875 0.298750 0.053750 0.039167
flower 0.191250 0.325417 0.035000 0.027500
flower 0.149375 0.642083 0.053750 0.037500
flower 0.108750 0.609167 0.035000 0.030000
flower 0.144375 0.585833 0.038750 0.028333
leaf 0.246875 0.126667 0.151250 0.105000
leaf 0.274375 0.280417 0.053750 0.027500
leaf 0.199375 0.235833 0.053750 0.030000
leaf 0.335625 0.214167 0.173750 0.111667
leaf 0.473125 0.487500 0.073750 0.038333
leaf 0.520625 0.417083 0.168750 0.120833
leaf 0.708125 0.374167 0.156250 0.095000
leaf 0.723750 0.211250 0.102500 0.120833
leaf 0.108750 0.532500 0.052500 0.078333
stem 0.133125 0.160833 0.066250 0.218333
stem 0.199375 0.283333 0.098750 0.055000
stem 0.546250 0.177917 0.252500 0.067500
stem 0.733750 0.114583 0.255000 0.072500
stem 0.838125 0.295000 0.111250 0.311667
stem 0.716875 0.475833 0.186250 0.101667
stem 0.557500 0.511250 0.120000 0.029167
stem 0.318750 0.420417 0.242500 0.164167
stem 0.150000 0.415417 0.130000 0.149167
stem 0.082500 0.546250 0.012500 0.045833
flower 0.041250 0.656667 0.040000 0.030000
leaf 0.068750 0.617083 0.030000 0.092500
