flower 0.471875 0.244583 0.048750 0.025833
flower 0.460625 0.271250 0.041250 0.032500
flower 0.232500 0.499167 0.035000 0.031667
flower 0.271250 0.444583 0.052500 0.052500
flower 0.749375 0.442083 0.031250 0.029167
flower 0.710625 0.456250 0.033750 0.034167
flower 0.743125 0.466667 0.033750 0.023333
flower 0.396875 0.705833 0.016250 0.010000
leaf 0.529375 0.209167 0.106250 0.130000
leaf 0.410625 0.329167 0.198750 0.113333
leaf 0.202500 0.392083 0.137500 0.159167
leaf 0.227500 0.490833 0.067500 0.061667
leaf 0.154375 0.518333 0.103750 0.090000
leaf 0.232500 0.577917 0.020000 0.012500
leaf 0.328125 0.515417 0.186250 0.095833
leaf 0.333750 0.616667 0.200000 0.110000
leaf 0.343125 0.692083 0.141250 0.072500
leaf 0.367500 0.727500 0.117500 0.048333
leaf 0.796250 0.739167 0.047500 0.075000
leaf 0.673125 0.708750 0.131250 0.074167
leaf 0.708125 0.653333 0.076250 0.046667
leaf 0.576250 0.593333 0.200000 0.080000
leaf 0.828750 0.610000 0.100000 0.090000
leaf 0.709375 0.558750 0.156250 0.155833
leaf 0.858750 0.526667 0.100000 0.063333
leaf 0.831250 0.410833 0.137500 0.136667
leaf 0.596875 0.409583 0.126250 0.124167
stem 0.525000 0.368750 0.027500 0.190833
stem 0.285000 0.745417 0.042500 0.047500
stem 0.767500 0.674167 0.045000 0.045000
stem 0.813125 0.679167 0.031250 0.045000
stem 0.795625 0.595417 0.016250 0.035833
