leaf 0.606875 0.170000 0.303750 0.256667
leaf 0.580000 0.373333 0.422500 0.121667
leaf 0.533750 0.469583 0.440000 0.114167
leaf 0.446250 0.632917 0.430000 0.230833
leaf 0.153750 0.640833 0.117500 0.081667
leaf 0.169375 0.533750 0.138750 0.109167
leaf 0.256250 0.375833 0.285000 0.240000
leaf 0.279375 0.144583 0.341250 0.222500
stem 0.443125 0.148750 0.021250 0.130833
stem 0.464375 0.247083 0.021250 0.067500
stem 0.435000 0.290833 0.047500 0.066667
stem 0.393125 0.347500 0.048750 0.055000
stem 0.351250 0.407083 0.032500 0.034167
stem 0.226875 0.720000 0.016250 0.103333
stem 0.251250 0.580000 0.027500 0.076667
stem 0.282500 0.516250 0.040000 0.054167
stem 0.325625 0.443333 0.036250 0.050000
