fruit 0.200625 0.107917 0.068750 0.052500
fruit 0.448125 0.062917 0.201250 0.092500
flower 0.565625 0.539583 0.066250 0.035833
flower 0.391875 0.550417 0.076250 0.055833
flower 0.456250 0.526667 0.050000 0.033333
flower 0.404375 0.507917 0.071250 0.040833
flower 0.455000 0.490833 0.100000 0.038333
flower 0.441875 0.318750 0.051250 0.030833
flower 0.473125 0.302917 0.058750 0.025833
flower 0.502500 0.277083 0.082500 0.057500
leaf 0.701250 0.154167 0.095000 0.035000
leaf 0.785000 0.121250 0.085000 0.074167
leaf 0.723750 0.117083 0.067500 0.052500
leaf 0.819375 0.073333 0.093750 0.045000
leaf 0.937500 0.224583 0.107500 0.062500
leaf 0.791250 0.213750 0.080000 0.062500
leaf 0.880625 0.310417 0.086250 0.077500
leaf 0.790625 0.285417 0.106250 0.082500
leaf 0.881250 0.431667 0.075000 0.070000
leaf 0.472500 0.785417 0.262500 0.144167
leaf 0.471875 0.690000 0.151250 0.056667
leaf 0.344375 0.650417 0.133750 0.102500
leaf 0.465000 0.640833 0.132500 0.060000
leaf 0.495000 0.596250 0.107500 0.064167
leaf 0.605000 0.605000 0.122500 0.088333
leaf 0.236875 0.525417 0.078750 0.044167
leaf 0.238125 0.433333 0.151250 0.133333
leaf 0.107500 0.426250 0.142500 0.152500
leaf 0.535000 0.400833 0.147500 0.095000
leaf 0.088750 0.321667 0.112500 0.065000
leaf 0.278750 0.300417 0.097500 0.057500
leaf 0.355000 0.246667 0.132500 0.108333
leaf 0.235625 0.216250 0.116250 0.100833
leaf 0.098125 0.187917 0.178750 0.097500
stem 0.329375 0.151667 0.116250 0.080000
stem 0.233125 0.344167 0.081250 0.035000
stem 0.895000 0.370000 0.060000 0.046667
stem 0.623125 0.461667 0.101250 0.060000
stem 0.775000 0.569167 0.197500 0.203333
stem 0.275000 0.591667 0.047500 0.078333
stem 0.476250 0.553333 0.060000 0.020000
leaf 0.200000 0.295417 0.075000 0.062500
leaf 0.123125 0.267500 0.091250 0.063333
leaf 0.416875 0.374583 0.103750 0.079167
leaf 0.423750 0.436667 0.137500 0.051667
leaf 0.863750 0.237083 0.067500 0.075833
leaf 0.917500 0.176250 0.072500 0.054167
leaf 0.840000 0.177083 0.087500 0.049167
stem 0.471250 0.894583 0.027500 0.089167
