flower 0.289375 0.125833 0.061250 0.075000
flower 0.321875 0.120833 0.053750 0.091667
flower 0.353750 0.105000 0.077500 0.076667
flower 0.601250 0.090833 0.080000 0.080000
flower 0.680625 0.086250 0.113750 0.070833
flower 0.730000 0.097083 0.105000 0.069167
flower 0.793750 0.118333 0.115000 0.080000
flower 0.815000 0.145833 0.155000 0.075000
flower 0.561250 0.512083 0.067500 0.057500
flower 0.507500 0.527500 0.065000 0.098333
flower 0.431875 0.530417 0.113750 0.097500
leaf 0.128750 0.407917 0.197500 0.112500
leaf 0.356875 0.424167 0.188750 0.093333
leaf 0.197500 0.345000 0.165000 0.155000
leaf 0.387500 0.349583 0.185000 0.135833
leaf 0.229375 0.195833 0.186250 0.193333
leaf 0.438125 0.192500 0.223750 0.196667
leaf 0.593125 0.225833 0.058750 0.211667
leaf 0.778750 0.196250 0.272500 0.117500
leaf 0.748125 0.295000 0.261250 0.083333
leaf 0.711875 0.382500 0.233750 0.111667
leaf 0.757500 0.449583 0.335000 0.069167
leaf 0.593125 0.602500 0.148750 0.158333
leaf 0.412500 0.592500 0.170000 0.161667
leaf 0.649375 0.753750 0.261250 0.154167
leaf 0.433125 0.745000 0.126250 0.188333
stem 0.220625 0.504583 0.058750 0.060833
stem 0.573750 0.410833 0.055000 0.136667
stem 0.298125 0.317500 0.028750 0.031667
stem 0.511250 0.771250 0.015000 0.057500
stem 0.525000 0.883333 0.050000 0.063333
