fruit 0.508750 0.205417 0.032500 0.019167
fruit 0.497500 0.179167 0.037500 0.028333
fruit 0.368750 0.242083 0.050000 0.015833
fruit 0.295625 0.245417 0.028750 0.019167
fruit 0.285625 0.224583 0.038750 0.027500
fruit 0.290000 0.378333 0.030000 0.016667
fruit 0.659375 0.647500 0.031250 0.021667
flower 0.646250 0.588333 0.072500 0.033333
flower 0.205000 0.537917 0.040000 0.039167
leaf 0.288125 0.660417 0.143750 0.162500
leaf 0.211875 0.637083 0.113750 0.119167
leaf 0.181250 0.515000 0.117500 0.111667
leaf 0.759375 0.684583 0.153750 0.225833
leaf 0.530625 0.680000 0.218750 0.163333
leaf 0.602500 0.528750 0.102500 0.095833
leaf 0.317500 0.479167 0.085000 0.120000
leaf 0.163750 0.331667 0.162500 0.170000
leaf 0.406875 0.431250 0.213750 0.054167
leaf 0.366250 0.365833 0.092500 0.161667
leaf 0.440625 0.329167 0.071250 0.158333
leaf 0.635625 0.186250 0.231250 0.072500
leaf 0.565625 0.160000 0.083750 0.096667
leaf 0.406250 0.157500 0.145000 0.108333
leaf 0.369375 0.188333 0.083750 0.110000
leaf 0.276250 0.146250 0.102500 0.182500
stem 0.371875 0.294583 0.073750 0.055833
stem 0.534375 0.349583 0.098750 0.244167
stem 0.453125 0.552083 0.181250 0.099167
stem 0.535000 0.750417 0.047500 0.290833
stem 0.728750 0.390417 0.177500 0.340833
leaf 0.655625 0.718333 0.056250 0.115000
