flower 0.755625 0.744167 0.061250 0.048333
flower 0.799375 0.747083 0.051250 0.040833
flower 0.865625 0.762917 0.098750 0.037500
leaf 0.800625 0.574583 0.091250 0.037500
leaf 0.878750 0.598750 0.057500 0.055833
leaf 0.662500 0.470417 0.097500 0.112500
leaf 0.778125 0.417500 0.166250 0.048333
leaf 0.615625 0.327083 0.106250 0.097500
leaf 0.510625 0.273333 0.156250 0.083333
leaf 0.488125 0.175000 0.138750 0.063333
leaf 0.396875 0.127500 0.108750 0.098333
leaf 0.354375 0.210833 0.163750 0.075000
leaf 0.353750 0.293333 0.060000 0.061667
leaf 0.308750 0.267500 0.097500 0.023333
stem 0.339375 0.658750 0.478750 0.190833
stem 0.239375 0.420000 0.151250 0.275000
stem 0.773750 0.490000 0.102500 0.123333
stem 0.830000 0.639583 0.037500 0.072500
leaf 0.816250 0.712917 0.055000 0.034167
