flower 0.661875 0.425833 0.033750 0.023333
flower 0.662500 0.265833 0.045000 0.018333
leaf 0.170000 0.172917 0.085000 0.047500
leaf 0.195000 0.102917 0.062500 0.049167
leaf 0.218750 0.154167 0.012500 0.020000
leaf 0.251875 0.140000 0.036250 0.016667
leaf 0.267500 0.114583 0.057500 0.034167
leaf 0.316875 0.149167 0.051250 0.041667
leaf 0.350000 0.125000 0.050000 0.036667
leaf 0.630625 0.123333 0.068750 0.038333
leaf 0.673125 0.085833 0.068750 0.041667
leaf 0.741250 0.071250 0.045000 0.040833
leaf 0.803125 0.117500 0.061250 0.048333
leaf 0.873750 0.258333 0.105000 0.061667
leaf 0.866875 0.197083 0.116250 0.059167
leaf 0.618750 0.262917 0.095000 0.055833
leaf 0.703125 0.306250 0.031250 0.019167
leaf 0.658750 0.377917 0.042500 0.039167
leaf 0.590625 0.461667 0.043750 0.026667
leaf 0.747500 0.378333 0.110000 0.066667
stem 0.715625 0.193750 0.081250 0.164167
stem 0.751250 0.318333 0.040000 0.053333
stem 0.823750 0.301667 0.012500 0.050000
stem 0.613750 0.692500 0.255000 0.431667
fruit 0.425625 0.205417 0.456250 0.105833
fruit 0.433750 0.315417 0.242500 0.319167
