flower 0.625000 0.252917 0.100000 0.080833
flower 0.562500 0.245000 0.110000 0.090000
flower 0.466250 0.254167 0.062500 0.078333
flower 0.197500 0.227083 0.075000 0.080833
flower 0.270000 0.255833 0.055000 0.028333
flower 0.275625 0.189167 0.063750 0.041667
flower 0.395625 0.216667 0.043750 0.028333
flower 0.205625 0.120417 0.061250 0.032500
flower 0.303125 0.140417 0.026250 0.025833
flower 0.792500 0.377083 0.085000 0.100833
flower 0.421875 0.386667 0.033750 0.026667
flower 0.534375 0.470833 0.036250 0.038333
flower 0.295000 0.377500 0.135000 0.051667
leaf 0.436875 0.487083 0.146250 0.104167
leaf 0.376250 0.284167 0.185000 0.153333
leaf 0.263125 0.108750 0.118750 0.179167
leaf 0.351875 0.142500 0.101250 0.166667
stem 0.525000 0.667500 0.032500 0.090000
stem 0.513125 0.533333 0.031250 0.095000
stem 0.559375 0.472500 0.056250 0.048333
stem 0.490000 0.455833 0.037500 0.045000
stem 0.461875 0.440000 0.026250 0.043333
stem 0.522500 0.415417 0.022500 0.044167
stem 0.571250 0.777500 0.102500 0.101667
leaf 0.654375 0.560833 0.246250 0.140000
leaf 0.514375 0.604167 0.033750 0.033333
leaf 0.645625 0.439167 0.196250 0.110000
leaf 0.261875 0.323750 0.183750 0.062500
leaf 0.542500 0.353750 0.210000 0.112500
leaf 0.708750 0.321667 0.205000 0.106667
