flower 0.759375 0.655417 0.106250 0.065833
flower 0.361250 0.658333 0.065000 0.030000
flower 0.433125 0.660833 0.051250 0.058333
flower 0.491250 0.658333 0.082500 0.050000
flower 0.543125 0.600417 0.086250 0.060833
flower 0.127500 0.526250 0.050000 0.020833
flower 0.223750 0.230417 0.110000 0.052500
flower 0.221250 0.179167 0.045000 0.041667
flower 0.492500 0.212917 0.062500 0.027500
flower 0.395625 0.230417 0.028750 0.015833
flower 0.378750 0.165417 0.060000 0.044167
flower 0.432500 0.137083 0.037500 0.019167
flower 0.640625 0.159583 0.086250 0.044167
flower 0.735625 0.125417 0.036250 0.062500
flower 0.621875 0.221250 0.021250 0.015833
leaf 0.140000 0.594167 0.097500 0.071667
leaf 0.106875 0.484167 0.156250 0.093333
leaf 0.240000 0.474583 0.087500 0.080833
leaf 0.149375 0.385417 0.166250 0.122500
leaf 0.348750 0.714167 0.097500 0.090000
leaf 0.509375 0.715833 0.086250 0.065000
leaf 0.368750 0.602083 0.097500 0.107500
leaf 0.438750 0.607500 0.065000 0.088333
leaf 0.543750 0.647500 0.042500 0.031667
leaf 0.848750 0.675000 0.147500 0.063333
leaf 0.811250 0.610000 0.132500 0.096667
leaf 0.707500 0.632083 0.055000 0.059167
leaf 0.635625 0.593333 0.118750 0.100000
leaf 0.658125 0.522083 0.118750 0.079167
leaf 0.758750 0.516250 0.092500 0.090833
leaf 0.624375 0.462500 0.071250 0.081667
leaf 0.890000 0.269167 0.065000 0.073333
leaf 0.605625 0.237083 0.073750 0.084167
leaf 0.743125 0.232083 0.096250 0.110833
leaf 0.838125 0.224583 0.068750 0.080833
leaf 0.633125 0.176667 0.133750 0.043333
leaf 0.456875 0.267500 0.101250 0.088333
leaf 0.685000 0.118333 0.062500 0.096667
leaf 0.819375 0.145833 0.101250 0.116667
leaf 0.431875 0.197500 0.111250 0.041667
leaf 0.212500 0.151667 0.142500 0.120000
leaf 0.318125 0.175417 0.098750 0.132500
leaf 0.470000 0.157500 0.122500 0.045000
leaf 0.393750 0.095833 0.075000 0.090000
leaf 0.483750 0.089583 0.117500 0.094167
stem 0.335000 0.382083 0.140000 0.257500
stem 0.702500 0.358750 0.277500 0.169167
stem 0.239375 0.660833 0.108750 0.278333
stem 0.663750 0.758750 0.210000 0.152500
stem 0.731250 0.589167 0.027500 0.031667
