flower 0.476875 0.391250 0.043750 0.025833
flower 0.628125 0.121667 0.021250 0.016667
flower 0.635000 0.183333 0.025000 0.020000
flower 0.625000 0.142500 0.027500 0.018333
flower 0.601875 0.137500 0.021250 0.031667
flower 0.507500 0.085000 0.020000 0.021667
flower 0.493750 0.156250 0.015000 0.010833
flower 0.534375 0.155833 0.028750 0.010000
flower 0.538125 0.140000 0.038750 0.016667
flower 0.528750 0.122083 0.007500 0.009167
flower 0.681250 0.264167 0.015000 0.013333
leaf 0.296875 0.511667 0.316250 0.160000
leaf 0.808125 0.403333 0.221250 0.080000
stem 0.705000 0.359167 0.035000 0.095000
stem 0.533750 0.423750 0.167500 0.034167
stem 0.688750 0.499583 0.160000 0.102500
leaf 0.548750 0.210833 0.320000 0.320000
leaf 0.364375 0.192500 0.238750 0.110000
