fruit 0.496250 0.168333 0.040000 0.030000
fruit 0.608750 0.245000 0.037500 0.026667
fruit 0.574375 0.236250 0.036250 0.027500
fruit 0.696875 0.294167 0.036250 0.026667
fruit 0.809375 0.165833 0.078750 0.046667
fruit 0.719375 0.144583 0.051250 0.035833
fruit 0.799375 0.087500 0.068750 0.046667
fruit 0.891250 0.095000 0.067500 0.043333
fruit 0.795000 0.281250 0.027500 0.017500
leaf 0.774375 0.451667 0.141250 0.133333
leaf 0.677500 0.485417 0.065000 0.137500
leaf 0.685000 0.580000 0.152500 0.146667
leaf 0.597500 0.667083 0.172500 0.137500
leaf 0.431875 0.756667 0.193750 0.111667
leaf 0.283125 0.730417 0.101250 0.164167
leaf 0.410625 0.649167 0.203750 0.135000
leaf 0.433750 0.390833 0.087500 0.120000
leaf 0.643750 0.383333 0.022500 0.070000
leaf 0.679375 0.340417 0.083750 0.072500
leaf 0.597500 0.348333 0.077500 0.090000
leaf 0.595000 0.292917 0.085000 0.075833
leaf 0.507500 0.335833 0.082500 0.121667
stem 0.807500 0.288333 0.170000 0.186667
stem 0.651250 0.185417 0.095000 0.097500
stem 0.570625 0.092083 0.098750 0.114167
stem 0.714375 0.095417 0.061250 0.059167
stem 0.880000 0.155833 0.055000 0.075000
stem 0.494375 0.231250 0.061250 0.084167
fruit 0.715000 0.030000 0.170000 0.058333
leaf 0.416250 0.523750 0.155000 0.147500
leaf 0.556875 0.485417 0.153750 0.194167
stem 0.279375 0.908750 0.308750 0.167500
