flower 0.486250 0.135833 0.015000 0.018333
flower 0.504375 0.263333 0.013750 0.010000
flower 0.331875 0.222500 0.038750 0.025000
flower 0.256250 0.106250 0.037500 0.024167
flower 0.200625 0.314167 0.046250 0.028333
flower 0.221875 0.382917 0.031250 0.022500
flower 0.225000 0.415417 0.027500 0.017500
flower 0.859375 0.499167 0.021250 0.013333
flower 0.815625 0.533333 0.043750 0.026667
flower 0.690625 0.609167 0.021250 0.018333
flower 0.510625 0.605417 0.016250 0.017500
leaf 0.446875 0.094167 0.173750 0.055000
leaf 0.290000 0.125000 0.027500 0.046667
leaf 0.261875 0.082917 0.033750 0.025833
leaf 0.351250 0.152500 0.052500 0.058333
leaf 0.320625 0.185417 0.061250 0.060833
leaf 0.527500 0.202500 0.130000 0.081667
leaf 0.240625 0.314167 0.041250 0.025000
leaf 0.195000 0.356667 0.065000 0.050000
leaf 0.405000 0.406667 0.240000 0.100000
leaf 0.862500 0.522500 0.065000 0.038333
leaf 0.415625 0.503333 0.133750 0.123333
leaf 0.540000 0.675417 0.115000 0.097500
stem 0.514375 0.813750 0.133750 0.182500
stem 0.641875 0.664167 0.088750 0.081667
stem 0.753750 0.578750 0.090000 0.055833
stem 0.462500 0.614583 0.090000 0.104167
stem 0.502500 0.531250 0.027500 0.127500
stem 0.298125 0.484167 0.108750 0.098333
stem 0.424375 0.282917 0.138750 0.180833
stem 0.473750 0.151667 0.012500 0.060000
stem 0.317500 0.122500 0.027500 0.030000
stem 0.235000 0.355833 0.015000 0.045000
