flower 0.183750 0.231667 0.027500 0.023333
flower 0.158125 0.252500 0.016250 0.011667
flower 0.111250 0.415417 0.037500 0.034167
flower 0.163125 0.427917 0.026250 0.017500
flower 0.231875 0.402500 0.033750 0.051667
flower 0.255000 0.393750 0.015000 0.010833
flower 0.287500 0.398333 0.035000 0.020000
flower 0.336250 0.403750 0.055000 0.030833
flower 0.560625 0.523333 0.056250 0.028333
flower 0.668125 0.502500 0.036250 0.026667
flower 0.770000 0.508333 0.020000 0.015000
flower 0.768750 0.475833 0.027500 0.025000
flower 0.560625 0.215417 0.031250 0.029167
flower 0.612500 0.175000 0.035000 0.033333
flower 0.628125 0.150000 0.033750 0.026667
flower 0.458125 0.097500 0.031250 0.026667
flower 0.419375 0.080833 0.071250 0.060000
flower 0.716875 0.068333 0.021250 0.035000
flower 0.671875 0.063750 0.088750 0.025833
flower 0.901250 0.152083 0.047500 0.042500
flower 0.836250 0.191667 0.027500 0.016667
leaf 0.606250 0.635000 0.112500 0.050000
leaf 0.538125 0.560833 0.051250 0.070000
leaf 0.608125 0.516667 0.088750 0.065000
leaf 0.715000 0.563750 0.060000 0.024167
leaf 0.705000 0.493333 0.072500 0.128333
leaf 0.763750 0.498750 0.090000 0.090833
leaf 0.305625 0.634167 0.066250 0.058333
leaf 0.267500 0.566667 0.090000 0.098333
leaf 0.345000 0.503333 0.155000 0.046667
leaf 0.211250 0.474167 0.122500 0.101667
leaf 0.098750 0.455833 0.107500 0.098333
leaf 0.176875 0.389167 0.096250 0.133333
leaf 0.322500 0.365000 0.107500 0.055000
leaf 0.361250 0.318333 0.072500 0.050000
leaf 0.296875 0.295833 0.061250 0.091667
leaf 0.249375 0.271250 0.076250 0.099167
leaf 0.449375 0.290417 0.081250 0.075833
leaf 0.375000 0.235417 0.075000 0.119167
leaf 0.456250 0.227083 0.075000 0.084167
leaf 0.340625 0.145417 0.131250 0.114167
leaf 0.470625 0.140417 0.103750 0.080833
leaf 0.687500 0.356667 0.215000 0.085000
leaf 0.635625 0.289167 0.211250 0.095000
leaf 0.610000 0.208750 0.100000 0.064167
leaf 0.756250 0.131250 0.060000 0.054167
leaf 0.659375 0.123333 0.128750 0.070000
leaf 0.809375 0.245000 0.043750 0.053333
leaf 0.823750 0.171250 0.090000 0.077500
leaf 0.922500 0.230417 0.105000 0.069167
stem 0.803750 0.318750 0.122500 0.095833
stem 0.831250 0.549167 0.072500 0.358333
stem 0.643125 0.586667 0.093750 0.066667
stem 0.536875 0.629167 0.028750 0.061667
stem 0.245000 0.632500 0.057500 0.048333
stem 0.200000 0.574583 0.052500 0.075833
stem 0.463125 0.465000 0.093750 0.126667
stem 0.402500 0.371250 0.055000 0.085833
leaf 0.939375 0.184583 0.098750 0.054167
leaf 0.725000 0.209583 0.130000 0.109167
leaf 0.340625 0.447083 0.128750 0.070833
stem 0.430000 0.791250 0.312500 0.259167
