fruit 0.566250 0.209583 0.057500 0.024167
fruit 0.316875 0.232500 0.048750 0.028333
fruit 0.345625 0.221250 0.051250 0.030833
fruit 0.530625 0.572500 0.051250 0.038333
fruit 0.463125 0.563750 0.053750 0.040833
fruit 0.437500 0.535833 0.075000 0.035000
leaf 0.453125 0.473333 0.108750 0.096667
leaf 0.326875 0.480417 0.171250 0.107500
leaf 0.601250 0.607917 0.127500 0.097500
leaf 0.671250 0.450833 0.262500 0.176667
leaf 0.632500 0.246250 0.192500 0.207500
leaf 0.338125 0.245417 0.261250 0.179167
leaf 0.377500 0.360833 0.270000 0.115000
stem 0.548750 0.362083 0.040000 0.109167
stem 0.435625 0.611667 0.061250 0.050000
