flower 0.373125 0.116667 0.041250 0.030000
flower 0.311875 0.117917 0.028750 0.019167
flower 0.735000 0.255000 0.037500 0.026667
leaf 0.370000 0.434167 0.117500 0.076667
leaf 0.260000 0.425000 0.097500 0.106667
leaf 0.640000 0.566250 0.150000 0.084167
leaf 0.789375 0.597500 0.141250 0.026667
stem 0.342500 0.167500 0.060000 0.076667
stem 0.327500 0.322917 0.017500 0.232500
stem 0.713750 0.345833 0.047500 0.160000
stem 0.706250 0.536250 0.020000 0.104167
root 0.323125 0.519167 0.191250 0.100000
root 0.701250 0.646250 0.105000 0.059167
