fruit 0.303125 0.375417 0.033750 0.022500
fruit 0.279375 0.361250 0.026250 0.009167
fruit 0.295625 0.402083 0.028750 0.019167
fruit 0.329375 0.407500 0.021250 0.011667
fruit 0.642500 0.368750 0.022500 0.012500
fruit 0.453750 0.281667 0.022500 0.016667
fruit 0.629375 0.319583 0.016250 0.014167
fruit 0.576875 0.283333 0.033750 0.018333
fruit 0.329375 0.225000 0.031250 0.016667
fruit 0.571250 0.228750 0.035000 0.025833
fruit 0.608750 0.292500 0.017500 0.011667
fruit 0.653125 0.287083 0.028750 0.022500
fruit 0.621250 0.282917 0.047500 0.024167
fruit 0.735000 0.213333 0.030000 0.016667
fruit 0.679375 0.198333 0.021250 0.010000
fruit 0.588750 0.187083 0.027500 0.017500
fruit 0.568125 0.165000 0.041250 0.016667
fruit 0.521250 0.165000 0.022500 0.013333
fruit 0.553750 0.145417 0.055000 0.024167
fruit 0.527500 0.118333 0.035000 0.020000
fruit 0.337500 0.307500 0.027500 0.011667
leaf 0.839375 0.177500 0.138750 0.085000
leaf 0.770625 0.262083 0.191250 0.132500
leaf 0.710625 0.156667 0.141250 0.138333
leaf 0.597500 0.152500 0.057500 0.058333
leaf 0.606875 0.077917 0.156250 0.117500
leaf 0.485625 0.062500 0.081250 0.100000
leaf 0.409375 0.118333 0.173750 0.100000
leaf 0.511250 0.211667 0.147500 0.120000
leaf 0.438750 0.245833 0.225000 0.146667
leaf 0.515625 0.331250 0.106250 0.050833
fruit 0.567500 0.314167 0.015000 0.015000
leaf 0.424375 0.307083 0.056250 0.089167
leaf 0.729375 0.482083 0.146250 0.119167
leaf 0.456250 0.435000 0.087500 0.033333
leaf 0.366250 0.365000 0.060000 0.083333
leaf 0.241250 0.234583 0.167500 0.254167
leaf 0.116250 0.305417 0.140000 0.124167
leaf 0.165000 0.410833 0.165000 0.101667
leaf 0.233750 0.485417 0.255000 0.112500
leaf 0.354375 0.487500 0.021250 0.038333
leaf 0.231250 0.573333 0.132500 0.060000
stem 0.603125 0.506250 0.068750 0.350833
stem 0.348125 0.437500 0.148750 0.041667
stem 0.471250 0.556250 0.195000 0.194167
stem 0.439375 0.384167 0.056250 0.060000
stem 0.241250 0.415833 0.057500 0.068333
stem 0.629375 0.241250 0.108750 0.059167
