seed 0.350000 0.548333 0.037500 0.026667
seed 0.675625 0.446250 0.036250 0.025833
fruit 0.358125 0.535417 0.088750 0.074167
fruit 0.161250 0.451667 0.105000 0.070000
fruit 0.668750 0.430833 0.115000 0.085000
leaf 0.410625 0.194583 0.088750 0.055833
leaf 0.237500 0.092083 0.090000 0.082500
leaf 0.148125 0.106250 0.143750 0.042500
leaf 0.155625 0.141250 0.116250 0.039167
leaf 0.243750 0.198750 0.182500 0.092500
leaf 0.295000 0.299167 0.137500 0.076667
leaf 0.356250 0.270000 0.097500 0.076667
leaf 0.166875 0.272500 0.131250 0.058333
leaf 0.076250 0.340000 0.150000 0.136667
leaf 0.773750 0.347917 0.125000 0.065833
leaf 0.748125 0.292500 0.096250 0.088333
leaf 0.806875 0.216667 0.158750 0.066667
leaf 0.705625 0.133750 0.126250 0.094167
leaf 0.864375 0.145000 0.121250 0.073333
leaf 0.695000 0.055417 0.192500 0.105833
leaf 0.391875 0.432500 0.106250 0.058333
leaf 0.835000 0.766667 0.160000 0.060000
leaf 0.826250 0.701250 0.145000 0.074167
leaf 0.760625 0.665417 0.128750 0.055833
leaf 0.710000 0.614167 0.110000 0.078333
leaf 0.587500 0.561250 0.050000 0.027500
leaf 0.577500 0.609583 0.067500 0.052500
leaf 0.608750 0.676667 0.167500 0.073333
leaf 0.549375 0.726250 0.083750 0.080833
leaf 0.451875 0.730000 0.106250 0.071667
leaf 0.356250 0.692500 0.112500 0.093333
leaf 0.415625 0.608750 0.206250 0.074167
stem 0.468750 0.660000 0.127500 0.056667
stem 0.725000 0.715833 0.037500 0.055000
stem 0.630000 0.558333 0.040000 0.080000
stem 0.466250 0.523333 0.135000 0.090000
stem 0.348125 0.475417 0.068750 0.045833
stem 0.583125 0.474583 0.073750 0.135833
stem 0.305625 0.381250 0.128750 0.065833
stem 0.193125 0.328333 0.058750 0.036667
stem 0.474375 0.353750 0.128750 0.244167
stem 0.626250 0.341250 0.130000 0.094167
stem 0.496875 0.780000 0.028750 0.066667
