flower 0.282500 0.711667 0.017500 0.013333
flower 0.269375 0.669167 0.018750 0.010000
flower 0.243125 0.603333 0.016250 0.013333
flower 0.278750 0.617083 0.017500 0.009167
flower 0.254375 0.565417 0.016250 0.019167
flower 0.271875 0.568333 0.013750 0.010000
flower 0.250625 0.524167 0.013750 0.011667
flower 0.252500 0.494167 0.027500 0.015000
flower 0.270625 0.487083 0.026250 0.017500
flower 0.248125 0.450000 0.018750 0.013333
flower 0.635625 0.716250 0.023750 0.019167
flower 0.656250 0.635833 0.027500 0.015000
flower 0.640000 0.596250 0.012500 0.007500
flower 0.640000 0.557083 0.030000 0.012500
flower 0.626875 0.517500 0.018750 0.008333
flower 0.662500 0.464167 0.015000 0.011667
flower 0.645625 0.460000 0.013750 0.010000
flower 0.647500 0.402500 0.020000 0.011667
flower 0.473125 0.374583 0.013750 0.007500
flower 0.452500 0.338750 0.012500 0.010833
flower 0.450000 0.292083 0.032500 0.025833
flower 0.445625 0.219167 0.031250 0.026667
flower 0.463750 0.165000 0.047500 0.021667
leaf 0.815000 0.583750 0.287500 0.109167
leaf 0.655000 0.104167 0.325000 0.166667
leaf 0.221250 0.142083 0.375000 0.114167
leaf 0.220000 0.259167 0.382500 0.161667
leaf 0.658125 0.204583 0.348750 0.062500
leaf 0.778750 0.380000 0.250000 0.281667
leaf 0.567500 0.350417 0.147500 0.242500
stem 0.447500 0.528333 0.055000 0.286667
stem 0.646250 0.679583 0.017500 0.052500
stem 0.641875 0.739583 0.111250 0.034167
