fruit 0.656250 0.583750 0.085000 0.069167
flower 0.718125 0.577917 0.046250 0.039167
flower 0.668125 0.544167 0.073750 0.023333
flower 0.619375 0.533333 0.038750 0.026667
flower 0.610000 0.488333 0.042500 0.030000
flower 0.364375 0.287917 0.066250 0.047500
leaf 0.206875 0.228333 0.176250 0.296667
leaf 0.387500 0.214583 0.182500 0.172500
leaf 0.456875 0.306667 0.251250 0.206667
leaf 0.714375 0.356667 0.266250 0.161667
leaf 0.406250 0.632083 0.155000 0.092500
leaf 0.529375 0.680417 0.098750 0.175833
leaf 0.720625 0.693333 0.336250 0.158333
leaf 0.746250 0.507083 0.225000 0.119167
leaf 0.551875 0.512500 0.081250 0.133333
stem 0.386875 0.495417 0.248750 0.169167
stem 0.223125 0.650833 0.153750 0.136667
