flower 0.187500 0.354167 0.025000 0.025000
flower 0.113750 0.400833 0.075000 0.075000
leaf 0.620000 0.050000 0.130000 0.098333
leaf 0.566250 0.127500 0.087500 0.111667
leaf 0.351250 0.118750 0.262500 0.090833
leaf 0.256250 0.176667 0.225000 0.053333
leaf 0.191250 0.232500 0.192500 0.055000
leaf 0.145000 0.280417 0.137500 0.045833
leaf 0.471250 0.253333 0.077500 0.115000
leaf 0.376875 0.222500 0.138750 0.068333
leaf 0.675000 0.204167 0.142500 0.148333
leaf 0.720000 0.322083 0.170000 0.129167
leaf 0.763750 0.477917 0.265000 0.070833
leaf 0.446250 0.321250 0.180000 0.055833
leaf 0.358125 0.284583 0.076250 0.087500
leaf 0.302500 0.327083 0.080000 0.067500
leaf 0.469375 0.392917 0.166250 0.109167
leaf 0.243750 0.397083 0.117500 0.109167
leaf 0.351250 0.451667 0.115000 0.160000
leaf 0.145625 0.460417 0.138750 0.064167
leaf 0.120000 0.382083 0.087500 0.079167
leaf 0.230625 0.536667 0.198750 0.083333
leaf 0.156250 0.674167 0.160000 0.053333
leaf 0.338125 0.613750 0.153750 0.070833
leaf 0.280625 0.643750 0.096250 0.119167
leaf 0.291250 0.710833 0.142500 0.085000
leaf 0.562500 0.511250 0.060000 0.059167
leaf 0.487500 0.595833 0.222500 0.095000
leaf 0.430625 0.519583 0.071250 0.099167
leaf 0.446875 0.685833 0.198750 0.073333
leaf 0.483125 0.698333 0.073750 0.101667
leaf 0.419375 0.745833 0.128750 0.091667
leaf 0.581875 0.726250 0.023750 0.034167
leaf 0.635000 0.676250 0.050000 0.074167
leaf 0.711250 0.729583 0.052500 0.037500
leaf 0.763125 0.684583 0.118750 0.047500
leaf 0.840000 0.756250 0.075000 0.087500
leaf 0.750625 0.614167 0.181250 0.041667
leaf 0.812500 0.564583 0.095000 0.092500
leaf 0.738750 0.566250 0.045000 0.050833
stem 0.553125 0.247500 0.096250 0.128333
stem 0.582500 0.367500 0.082500 0.243333
stem 0.615000 0.521250 0.052500 0.224167
stem 0.620625 0.760000 0.056250 0.080000
stem 0.636875 0.768750 0.093750 0.030833
stem 0.247500 0.476667 0.070000 0.033333
stem 0.351875 0.566250 0.048750 0.057500
stem 0.498125 0.117500 0.043750 0.036667
stem 0.417500 0.179167 0.090000 0.025000
stem 0.209375 0.327500 0.063750 0.033333
stem 0.247500 0.291250 0.060000 0.029167
stem 0.316875 0.243750 0.051250 0.025833
leaf 0.190000 0.585000 0.085000 0.106667
leaf 0.055625 0.682083 0.108750 0.069167
leaf 0.072500 0.615833 0.125000 0.066667
leaf 0.072500 0.520000 0.142500 0.146667
leaf 0.325000 0.899167 0.185000 0.058333
leaf 0.458125 0.856667 0.108750 0.135000
leaf 0.585625 0.877500 0.093750 0.106667
leaf 0.549375 0.795417 0.051250 0.042500
leaf 0.685625 0.795833 0.081250 0.095000
leaf 0.758125 0.790000 0.108750 0.135000
leaf 0.908125 0.694583 0.166250 0.112500
leaf 0.905000 0.611250 0.190000 0.079167
