flower 0.520625 0.632917 0.043750 0.049167
flower 0.730000 0.588750 0.052500 0.040833
flower 0.667500 0.592083 0.062500 0.049167
flower 0.802500 0.543750 0.052500 0.039167
flower 0.783750 0.500417 0.077500 0.042500
flower 0.697500 0.485833 0.075000 0.035000
flower 0.686250 0.532500 0.077500 0.031667
flower 0.647500 0.518750 0.052500 0.044167
leaf 0.882500 0.684583 0.065000 0.052500
leaf 0.446875 0.593333 0.821250 0.336667
leaf 0.337500 0.312083 0.500000 0.390833
leaf 0.527500 0.287500 0.417500 0.420000
stem 0.814375 0.612500 0.068750 0.091667
stem 0.896875 0.777500 0.066250 0.108333
