flower 0.491875 0.777083 0.028750 0.034167
flower 0.357500 0.771667 0.025000 0.015000
flower 0.750625 0.551250 0.013750 0.017500
flower 0.842500 0.522917 0.030000 0.014167
flower 0.665000 0.518333 0.030000 0.018333
flower 0.723750 0.471250 0.030000 0.010833
flower 0.781875 0.350417 0.021250 0.020833
flower 0.751250 0.335833 0.032500 0.033333
flower 0.696250 0.338750 0.065000 0.049167
flower 0.557500 0.277500 0.025000 0.011667
flower 0.548750 0.235000 0.042500 0.035000
flower 0.512500 0.220833 0.027500 0.025000
flower 0.480625 0.208333 0.038750 0.016667
flower 0.437500 0.252500 0.042500 0.011667
flower 0.439375 0.222500 0.041250 0.028333
flower 0.386250 0.205417 0.045000 0.045833
flower 0.413125 0.186667 0.053750 0.030000
leaf 0.200625 0.786250 0.106250 0.139167
leaf 0.381875 0.736667 0.258750 0.196667
leaf 0.595000 0.742917 0.190000 0.154167
leaf 0.748750 0.642083 0.360000 0.152500
leaf 0.761875 0.538333 0.101250 0.078333
leaf 0.383750 0.572500 0.325000 0.098333
leaf 0.623125 0.498750 0.161250 0.149167
leaf 0.800000 0.417500 0.250000 0.105000
leaf 0.273750 0.460833 0.257500 0.123333
leaf 0.228125 0.368750 0.303750 0.107500
leaf 0.560000 0.327917 0.185000 0.110833
leaf 0.568750 0.246667 0.242500 0.155000
leaf 0.265000 0.228750 0.237500 0.175833
leaf 0.391250 0.197083 0.192500 0.234167
stem 0.423750 0.365833 0.082500 0.083333
stem 0.481875 0.450000 0.141250 0.133333
stem 0.538125 0.587083 0.048750 0.012500
stem 0.554375 0.665833 0.083750 0.026667
stem 0.672500 0.410833 0.035000 0.055000
stem 0.702500 0.379583 0.085000 0.025833
stem 0.465625 0.624583 0.036250 0.025833
stem 0.253750 0.719583 0.042500 0.019167
flower 0.313750 0.858333 0.020000 0.018333
flower 0.456875 0.832917 0.028750 0.015833
flower 0.413750 0.850417 0.017500 0.019167
flower 0.510625 0.865000 0.021250 0.016667
flower 0.470000 0.890417 0.022500 0.020833
flower 0.461875 0.914167 0.026250 0.018333
flower 0.396875 0.956250 0.028750 0.022500
flower 0.494375 0.910417 0.031250 0.015833
flower 0.511250 0.882083 0.042500 0.025833
stem 0.209375 0.877917 0.176250 0.064167
stem 0.378125 0.897917 0.093750 0.072500
stem 0.417500 0.797083 0.095000 0.045833
