flower 0.432500 0.137500 0.082500 0.030000
flower 0.370625 0.125833 0.073750 0.045000
flower 0.545625 0.139167 0.088750 0.025000
flower 0.653125 0.169583 0.053750 0.052500
flower 0.617500 0.175833 0.057500 0.081667
flower 0.720000 0.225000 0.067500 0.063333
flower 0.653125 0.305833 0.126250 0.066667
flower 0.787500 0.420000 0.072500 0.046667
flower 0.775000 0.472917 0.075000 0.047500
flower 0.768125 0.567083 0.061250 0.067500
flower 0.760625 0.609583 0.098750 0.059167
flower 0.685625 0.665000 0.078750 0.046667
flower 0.718125 0.628333 0.071250 0.040000
leaf 0.336250 0.317917 0.072500 0.092500
leaf 0.388750 0.226250 0.132500 0.075833
leaf 0.414375 0.138333 0.136250 0.096667
leaf 0.218750 0.151250 0.142500 0.130833
leaf 0.515000 0.335417 0.055000 0.050833
leaf 0.543750 0.248333 0.115000 0.105000
leaf 0.696875 0.271667 0.158750 0.046667
leaf 0.644375 0.220000 0.101250 0.056667
leaf 0.717500 0.331667 0.102500 0.060000
leaf 0.704375 0.385417 0.216250 0.085833
leaf 0.495000 0.426250 0.115000 0.039167
leaf 0.668750 0.522500 0.165000 0.100000
leaf 0.780625 0.492500 0.131250 0.068333
leaf 0.856875 0.558750 0.123750 0.069167
leaf 0.761875 0.667083 0.076250 0.052500
leaf 0.651875 0.655417 0.123750 0.129167
leaf 0.851875 0.433750 0.078750 0.049167
stem 0.337500 0.481667 0.457500 0.231667
stem 0.288125 0.294583 0.026250 0.125833
leaf 0.306875 0.080417 0.076250 0.077500
leaf 0.310625 0.138750 0.036250 0.034167
leaf 0.639375 0.458333 0.096250 0.036667
leaf 0.536875 0.171667 0.096250 0.046667
stem 0.445000 0.342500 0.065000 0.038333
