fruit 0.270000 0.286667 0.015000 0.013333
fruit 0.246875 0.310000 0.016250 0.013333
fruit 0.205625 0.347083 0.013750 0.009167
fruit 0.298750 0.453333 0.020000 0.010000
fruit 0.315000 0.461250 0.017500 0.005833
fruit 0.376875 0.452083 0.016250 0.012500
fruit 0.385000 0.392083 0.012500 0.010833
fruit 0.442500 0.440417 0.017500 0.012500
fruit 0.456250 0.419167 0.015000 0.011667
fruit 0.292500 0.315833 0.012500 0.006667
fruit 0.418125 0.329167 0.013750 0.008333
fruit 0.496250 0.319583 0.012500 0.012500
fruit 0.821250 0.275000 0.012500 0.008333
fruit 0.836250 0.357500 0.012500 0.008333
fruit 0.624375 0.647500 0.018750 0.008333
fruit 0.638750 0.642917 0.012500 0.010833
fruit 0.635000 0.583333 0.010000 0.010000
fruit 0.650000 0.584167 0.012500 0.006667
fruit 0.365000 0.729167 0.017500 0.010000
fruit 0.653125 0.132083 0.013750 0.007500
leaf 0.746875 0.413333 0.033750 0.050000
leaf 0.806250 0.397917 0.020000 0.030833
leaf 0.733125 0.380833 0.051250 0.035000
leaf 0.710000 0.355000 0.072500 0.031667
leaf 0.716250 0.320000 0.072500 0.036667
leaf 0.702500 0.294583 0.062500 0.017500
leaf 0.667500 0.267083 0.042500 0.037500
leaf 0.637500 0.232083 0.030000 0.039167
leaf 0.684375 0.221250 0.063750 0.049167
leaf 0.630000 0.190000 0.045000 0.043333
leaf 0.681875 0.165833 0.051250 0.056667
leaf 0.625000 0.150000 0.057500 0.043333
leaf 0.641875 0.115833 0.036250 0.041667
leaf 0.685000 0.120417 0.042500 0.042500
leaf 0.828750 0.146250 0.055000 0.080833
leaf 0.790625 0.154583 0.043750 0.064167
leaf 0.808750 0.222083 0.035000 0.062500
leaf 0.769375 0.206667 0.036250 0.038333
leaf 0.765625 0.243333 0.071250 0.025000
leaf 0.768125 0.277500 0.093750 0.048333
fruit 0.850000 0.305833 0.020000 0.010000
leaf 0.790625 0.334167 0.051250 0.055000
leaf 0.846250 0.317917 0.057500 0.070833
leaf 0.642500 0.496250 0.065000 0.040833
leaf 0.589375 0.511667 0.056250 0.013333
leaf 0.672500 0.528750 0.030000 0.035833
leaf 0.641875 0.545833 0.031250 0.055000
leaf 0.611875 0.531667 0.033750 0.035000
leaf 0.678750 0.602083 0.067500 0.057500
leaf 0.612500 0.584583 0.060000 0.032500
leaf 0.690000 0.669583 0.075000 0.075833
leaf 0.624375 0.692083 0.046250 0.067500
leaf 0.346875 0.818333 0.058750 0.061667
leaf 0.335000 0.779583 0.075000 0.025833
leaf 0.379375 0.724167 0.056250 0.043333
leaf 0.384375 0.682917 0.046250 0.039167
leaf 0.277500 0.684167 0.045000 0.035000
leaf 0.225625 0.685833 0.053750 0.028333
leaf 0.231875 0.656250 0.066250 0.047500
leaf 0.270625 0.645417 0.033750 0.037500
leaf 0.435625 0.551250 0.061250 0.032500
leaf 0.462500 0.516250 0.030000 0.035833
leaf 0.393750 0.514167 0.022500 0.020000
leaf 0.421875 0.476667 0.048750 0.046667
leaf 0.348750 0.485000 0.067500 0.051667
leaf 0.286875 0.470833 0.056250 0.045000
leaf 0.242500 0.461667 0.045000 0.030000
leaf 0.288125 0.437083 0.053750 0.035833
leaf 0.346250 0.441667 0.062500 0.031667
leaf 0.424375 0.431250 0.076250 0.047500
leaf 0.430625 0.388333 0.083750 0.033333
leaf 0.423750 0.364583 0.092500 0.019167
leaf 0.395000 0.342083 0.057500 0.020833
leaf 0.453750 0.316667 0.075000 0.036667
leaf 0.501875 0.285833 0.043750 0.045000
leaf 0.455625 0.272083 0.068750 0.022500
leaf 0.442500 0.238333 0.090000 0.051667
leaf 0.514375 0.216250 0.051250 0.075833
leaf 0.460000 0.192083 0.045000 0.039167
leaf 0.450000 0.167083 0.060000 0.025833
leaf 0.420000 0.141667 0.082500 0.020000
leaf 0.414375 0.114583 0.086250 0.044167
leaf 0.361250 0.231667 0.042500 0.033333
leaf 0.328750 0.234167 0.017500 0.035000
leaf 0.388750 0.295417 0.047500 0.054167
leaf 0.346875 0.280417 0.046250 0.039167
leaf 0.325625 0.365417 0.073750 0.052500
leaf 0.320625 0.322083 0.056250 0.035833
leaf 0.239375 0.313750 0.056250 0.022500
leaf 0.288125 0.284167 0.056250 0.066667
leaf 0.238750 0.285000 0.037500 0.043333
leaf 0.193750 0.315833 0.047500 0.045000
leaf 0.142500 0.297083 0.057500 0.085833
leaf 0.147500 0.382917 0.052500 0.040833
leaf 0.166250 0.361250 0.052500 0.037500
stem 0.631250 0.754167 0.027500 0.091667
stem 0.275000 0.748750 0.060000 0.095833
stem 0.346875 0.761250 0.023750 0.020833
stem 0.379375 0.524583 0.036250 0.027500
stem 0.458125 0.468333 0.018750 0.053333
stem 0.250000 0.429583 0.010000 0.025833
stem 0.747500 0.464583 0.035000 0.054167
stem 0.790625 0.435000 0.051250 0.040000
stem 0.719375 0.413750 0.021250 0.035833
stem 0.833750 0.370000 0.047500 0.026667
leaf 0.228750 0.367917 0.067500 0.079167
leaf 0.166250 0.420833 0.077500 0.040000
leaf 0.223750 0.419167 0.037500 0.036667
leaf 0.427500 0.520417 0.040000 0.027500
leaf 0.205625 0.266667 0.043750 0.048333
leaf 0.238750 0.253750 0.025000 0.029167
