flower 0.325625 0.095833 0.021250 0.015000
flower 0.310000 0.108333 0.065000 0.030000
flower 0.421250 0.082500 0.037500 0.021667
flower 0.451875 0.198333 0.066250 0.031667
flower 0.466875 0.175833 0.018750 0.015000
flower 0.345625 0.193750 0.026250 0.019167
flower 0.310625 0.201667 0.038750 0.026667
flower 0.205000 0.393750 0.067500 0.025833
flower 0.186250 0.419167 0.045000 0.020000
flower 0.256250 0.437917 0.030000 0.024167
flower 0.361250 0.442500 0.042500 0.025000
flower 0.335625 0.461667 0.061250 0.030000
flower 0.293125 0.481667 0.048750 0.035000
flower 0.253125 0.491250 0.036250 0.025833
flower 0.635000 0.395000 0.035000 0.016667
flower 0.667500 0.401667 0.025000 0.013333
flower 0.718125 0.400000 0.018750 0.013333
flower 0.730625 0.471667 0.028750 0.020000
flower 0.705000 0.458333 0.067500 0.036667
flower 0.846875 0.420833 0.033750 0.025000
flower 0.817500 0.408750 0.032500 0.027500
flower 0.790625 0.395417 0.033750 0.015833
flower 0.629375 0.582500 0.051250 0.028333
flower 0.870000 0.727500 0.055000 0.031667
flower 0.827500 0.773750 0.027500 0.017500
flower 0.836875 0.748750 0.056250 0.039167
flower 0.782500 0.743333 0.062500 0.020000
flower 0.785000 0.718750 0.070000 0.025833
leaf 0.358125 0.099583 0.036250 0.027500
leaf 0.478125 0.133750 0.071250 0.040833
leaf 0.410000 0.162083 0.092500 0.032500
leaf 0.544375 0.181667 0.068750 0.040000
leaf 0.860625 0.387500 0.113750 0.041667
leaf 0.678125 0.359167 0.041250 0.075000
leaf 0.533750 0.354167 0.072500 0.065000
leaf 0.371875 0.467500 0.063750 0.023333
leaf 0.263125 0.420417 0.111250 0.035833
leaf 0.120000 0.669167 0.080000 0.065000
leaf 0.570625 0.596250 0.058750 0.024167
leaf 0.636875 0.621250 0.116250 0.067500
leaf 0.901250 0.679167 0.107500 0.038333
leaf 0.670000 0.701667 0.150000 0.070000
leaf 0.766250 0.785000 0.117500 0.053333
stem 0.408750 0.140833 0.072500 0.011667
stem 0.700625 0.082500 0.413750 0.151667
stem 0.754375 0.380417 0.038750 0.052500
stem 0.139375 0.586667 0.053750 0.103333
stem 0.425000 0.621667 0.215000 0.266667
leaf 0.772500 0.650417 0.150000 0.087500
leaf 0.799375 0.470417 0.123750 0.127500
leaf 0.716875 0.510417 0.138750 0.085833
leaf 0.640625 0.467083 0.083750 0.084167
leaf 0.529375 0.421667 0.166250 0.080000
leaf 0.412500 0.402083 0.140000 0.079167
leaf 0.163125 0.502083 0.141250 0.074167
leaf 0.135000 0.442083 0.135000 0.062500
leaf 0.097500 0.383333 0.150000 0.050000
leaf 0.510625 0.273750 0.143750 0.104167
leaf 0.356875 0.054167 0.151250 0.070000
leaf 0.248750 0.125000 0.102500 0.073333
leaf 0.391875 0.203750 0.071250 0.065833
leaf 0.315000 0.245000 0.140000 0.080000
leaf 0.247500 0.190833 0.127500 0.060000
stem 0.783750 0.225833 0.220000 0.205000
stem 0.565000 0.789583 0.085000 0.075833
stem 0.251875 0.698333 0.151250 0.066667
