flower 0.222500 0.137500 0.105000 0.051667
flower 0.295000 0.160000 0.045000 0.026667
flower 0.313750 0.187500 0.072500 0.038333
flower 0.365625 0.207500 0.043750 0.018333
flower 0.361875 0.233333 0.026250 0.020000
flower 0.402500 0.225417 0.022500 0.024167
flower 0.443750 0.244167 0.070000 0.033333
flower 0.526875 0.276667 0.048750 0.020000
flower 0.534375 0.298333 0.038750 0.036667
flower 0.487500 0.312500 0.025000 0.018333
flower 0.683125 0.167083 0.046250 0.027500
flower 0.648750 0.190000 0.022500 0.026667
flower 0.558750 0.766667 0.020000 0.013333
flower 0.621250 0.767500 0.037500 0.041667
flower 0.621250 0.727917 0.032500 0.020833
leaf 0.348750 0.084583 0.152500 0.157500
leaf 0.183125 0.204167 0.213750 0.076667
leaf 0.667500 0.110000 0.117500 0.118333
leaf 0.273750 0.289167 0.215000 0.135000
leaf 0.660000 0.236250 0.380000 0.155833
leaf 0.400000 0.348333 0.152500 0.170000
leaf 0.513125 0.351250 0.066250 0.060833
leaf 0.673750 0.372917 0.302500 0.109167
leaf 0.751250 0.576667 0.212500 0.060000
leaf 0.477500 0.451667 0.320000 0.130000
leaf 0.825000 0.472500 0.330000 0.146667
leaf 0.563125 0.562917 0.193750 0.097500
leaf 0.385625 0.600000 0.211250 0.076667
leaf 0.403125 0.738333 0.401250 0.188333
stem 0.621875 0.621667 0.018750 0.060000
stem 0.739375 0.746667 0.251250 0.146667
stem 0.583750 0.690833 0.050000 0.031667
leaf 0.497500 0.124167 0.205000 0.193333
leaf 0.520000 0.890000 0.147500 0.133333
flower 0.379375 0.845833 0.093750 0.045000
