fruit 0.670625 0.174583 0.193750 0.024167
fruit 0.492500 0.202917 0.157500 0.052500
leaf 0.220000 0.151250 0.212500 0.065833
leaf 0.747500 0.118333 0.150000 0.083333
leaf 0.616250 0.113333 0.097500 0.093333
leaf 0.887500 0.394583 0.067500 0.085833
leaf 0.864375 0.242083 0.158750 0.202500
leaf 0.205625 0.392500 0.098750 0.071667
leaf 0.068750 0.295000 0.127500 0.156667
leaf 0.205625 0.258750 0.156250 0.150833
stem 0.358125 0.163750 0.053750 0.025833
stem 0.140625 0.385417 0.046250 0.054167
stem 0.598125 0.297083 0.091250 0.127500
stem 0.771250 0.389167 0.152500 0.100000
leaf 0.360625 0.272917 0.158750 0.189167
leaf 0.497500 0.294583 0.112500 0.127500
leaf 0.507500 0.186250 0.120000 0.089167
leaf 0.595000 0.212500 0.057500 0.046667
leaf 0.715625 0.255833 0.151250 0.136667
stem 0.418125 0.628333 0.501250 0.386667
leaf 0.320000 0.117500 0.120000 0.061667
leaf 0.196250 0.067917 0.230000 0.107500
stem 0.320625 0.387083 0.078750 0.097500
stem 0.538125 0.397083 0.143750 0.080833
