fruit 0.175000 0.255000 0.037500 0.028333
fruit 0.741250 0.273333 0.055000 0.031667
fruit 0.868125 0.469167 0.046250 0.025000
fruit 0.251875 0.638333 0.046250 0.026667
fruit 0.743750 0.771667 0.055000 0.030000
leaf 0.581250 0.160000 0.240000 0.133333
leaf 0.276250 0.213333 0.172500 0.090000
leaf 0.785000 0.219167 0.210000 0.105000
leaf 0.387500 0.250417 0.195000 0.160833
leaf 0.088750 0.308333 0.160000 0.101667
leaf 0.684375 0.317500 0.163750 0.121667
leaf 0.544375 0.362083 0.091250 0.099167
leaf 0.796250 0.416250 0.285000 0.134167
leaf 0.888125 0.554583 0.216250 0.150833
leaf 0.813125 0.522083 0.066250 0.069167
leaf 0.684375 0.534167 0.211250 0.078333
leaf 0.543125 0.590000 0.193750 0.143333
leaf 0.348750 0.604583 0.162500 0.142500
leaf 0.788125 0.678333 0.273750 0.185000
leaf 0.495000 0.725000 0.207500 0.190000
stem 0.123125 0.204583 0.123750 0.074167
stem 0.251875 0.105417 0.393750 0.130833
stem 0.546875 0.238750 0.103750 0.052500
stem 0.688125 0.766667 0.056250 0.016667
leaf 0.670000 0.734167 0.055000 0.028333
stem 0.230000 0.296667 0.097500 0.085000
leaf 0.657500 0.806250 0.170000 0.092500
