flower 0.538750 0.147917 0.060000 0.035833
leaf 0.688750 0.289583 0.142500 0.150833
leaf 0.833750 0.434167 0.057500 0.051667
leaf 0.821875 0.347500 0.166250 0.118333
leaf 0.116250 0.473750 0.067500 0.050833
leaf 0.366250 0.612917 0.105000 0.054167
leaf 0.193750 0.715833 0.165000 0.190000
leaf 0.340625 0.725417 0.123750 0.159167
leaf 0.495000 0.739583 0.180000 0.230833
stem 0.266875 0.613333 0.051250 0.068333
stem 0.200000 0.409583 0.152500 0.335833
stem 0.370000 0.465000 0.155000 0.240000
stem 0.290000 0.310417 0.032500 0.065833
stem 0.716250 0.533333 0.152500 0.325000
leaf 0.656875 0.737917 0.143750 0.125833
leaf 0.592500 0.644583 0.120000 0.054167
leaf 0.535000 0.601250 0.140000 0.035833
leaf 0.355000 0.181667 0.202500 0.150000
leaf 0.452500 0.270000 0.147500 0.140000
leaf 0.548750 0.315417 0.140000 0.099167
leaf 0.819375 0.137083 0.231250 0.230833
leaf 0.530000 0.210417 0.137500 0.117500
leaf 0.639375 0.149167 0.146250 0.193333
leaf 0.528125 0.119583 0.111250 0.062500
