flower 0.390625 0.092500 0.041250 0.031667
flower 0.306875 0.198333 0.051250 0.031667
flower 0.309375 0.167083 0.023750 0.017500
flower 0.221875 0.151250 0.031250 0.020833
flower 0.188750 0.095417 0.027500 0.022500
flower 0.255000 0.119583 0.022500 0.014167
flower 0.278750 0.127500 0.030000 0.018333
flower 0.310625 0.059583 0.023750 0.017500
flower 0.266875 0.095833 0.038750 0.035000
flower 0.445000 0.555417 0.022500 0.025833
flower 0.435625 0.527083 0.021250 0.019167
flower 0.497500 0.493750 0.030000 0.030833
flower 0.530625 0.500000 0.026250 0.016667
flower 0.565000 0.455000 0.037500 0.030000
flower 0.571875 0.623333 0.046250 0.030000
flower 0.525000 0.615000 0.030000 0.023333
flower 0.509375 0.595000 0.026250 0.016667
flower 0.496250 0.571250 0.027500 0.027500
flower 0.528750 0.580833 0.035000 0.025000
flower 0.573750 0.593333 0.042500 0.030000
leaf 0.513750 0.137917 0.522500 0.177500
leaf 0.388125 0.410417 0.146250 0.115833
leaf 0.233125 0.441667 0.166250 0.115000
leaf 0.815625 0.371667 0.076250 0.156667
flower 0.610000 0.540000 0.025000 0.036667
flower 0.624375 0.504583 0.066250 0.040833
leaf 0.634375 0.373333 0.141250 0.300000
leaf 0.846250 0.618333 0.105000 0.070000
leaf 0.638125 0.685833 0.211250 0.208333
leaf 0.543750 0.605833 0.265000 0.095000
leaf 0.701250 0.545417 0.145000 0.167500
stem 0.328125 0.087500 0.081250 0.025000
stem 0.203750 0.125000 0.022500 0.031667
stem 0.223125 0.090417 0.036250 0.025833
stem 0.259375 0.065000 0.068750 0.016667
stem 0.286250 0.254167 0.045000 0.058333
stem 0.173750 0.400000 0.037500 0.063333
stem 0.258125 0.547500 0.071250 0.091667
stem 0.528750 0.540417 0.132500 0.027500
stem 0.520625 0.532917 0.048750 0.040833
stem 0.566250 0.494583 0.057500 0.047500
stem 0.771250 0.755000 0.205000 0.213333
stem 0.831875 0.515833 0.111250 0.130000
leaf 0.257500 0.324583 0.120000 0.124167
