fruit 0.590000 0.679167 0.057500 0.035000
fruit 0.627500 0.662917 0.047500 0.037500
leaf 0.245000 0.292500 0.162500 0.098333
leaf 0.452500 0.500833 0.175000 0.140000
leaf 0.650625 0.470000 0.206250 0.083333
leaf 0.712500 0.606250 0.177500 0.134167
leaf 0.769375 0.682500 0.173750 0.096667
stem 0.586250 0.264583 0.275000 0.254167
stem 0.727500 0.409583 0.037500 0.100833
stem 0.783750 0.514583 0.085000 0.107500
stem 0.409375 0.410000 0.078750 0.050000
stem 0.276875 0.526250 0.183750 0.355833
stem 0.495625 0.710833 0.213750 0.035000
stem 0.790625 0.774583 0.301250 0.109167
stem 0.665000 0.674583 0.030000 0.022500
stem 0.573125 0.587083 0.093750 0.112500
