fruit 0.332500 0.262083 0.040000 0.032500
fruit 0.620000 0.218750 0.052500 0.024167
fruit 0.690000 0.284583 0.030000 0.029167
fruit 0.851250 0.323333 0.047500 0.036667
fruit 0.440625 0.443750 0.046250 0.039167
fruit 0.198750 0.628333 0.042500 0.030000
fruit 0.216250 0.661667 0.035000 0.028333
fruit 0.195625 0.742083 0.036250 0.042500
leaf 0.655625 0.108750 0.061250 0.105833
leaf 0.751250 0.123750 0.142500 0.119167
leaf 0.716875 0.203333 0.148750 0.073333
leaf 0.846250 0.178333 0.125000 0.090000
leaf 0.892500 0.251250 0.122500 0.094167
leaf 0.766250 0.276667 0.122500 0.080000
leaf 0.333125 0.162917 0.086250 0.092500
leaf 0.231875 0.171250 0.136250 0.057500
leaf 0.400625 0.262083 0.088750 0.102500
leaf 0.290625 0.272500 0.153750 0.141667
leaf 0.377500 0.433333 0.112500 0.070000
leaf 0.256875 0.453750 0.146250 0.044167
leaf 0.155625 0.433750 0.103750 0.105833
leaf 0.208125 0.530417 0.086250 0.099167
leaf 0.294375 0.560833 0.093750 0.071667
leaf 0.295000 0.650833 0.135000 0.115000
leaf 0.158125 0.657500 0.078750 0.031667
leaf 0.168750 0.695833 0.122500 0.041667
leaf 0.377500 0.750417 0.150000 0.097500
leaf 0.265625 0.752083 0.076250 0.104167
leaf 0.188125 0.794167 0.091250 0.055000
stem 0.656250 0.268750 0.050000 0.065833
stem 0.712500 0.322083 0.230000 0.035833
stem 0.736250 0.475000 0.320000 0.266667
stem 0.431250 0.366250 0.105000 0.092500
stem 0.505000 0.476667 0.085000 0.160000
stem 0.383125 0.558750 0.106250 0.165833
stem 0.546875 0.657500 0.213750 0.193333
stem 0.386875 0.840000 0.271250 0.063333
leaf 0.640000 0.786250 0.090000 0.049167
