leaf 0.344375 0.078750 0.073750 0.049167
leaf 0.475625 0.069583 0.166250 0.079167
leaf 0.570625 0.149167 0.098750 0.101667
leaf 0.467500 0.156667 0.107500 0.083333
leaf 0.720625 0.207500 0.153750 0.081667
leaf 0.532500 0.241667 0.177500 0.078333
leaf 0.470625 0.314583 0.138750 0.052500
leaf 0.502500 0.385833 0.267500 0.096667
leaf 0.771250 0.322500 0.197500 0.136667
leaf 0.733125 0.536667 0.153750 0.101667
leaf 0.769375 0.643750 0.261250 0.104167
leaf 0.370625 0.477917 0.101250 0.062500
leaf 0.279375 0.482500 0.073750 0.061667
leaf 0.410000 0.527917 0.130000 0.037500
leaf 0.301250 0.532083 0.097500 0.029167
leaf 0.368750 0.568750 0.157500 0.049167
leaf 0.363125 0.637917 0.126250 0.087500
leaf 0.565625 0.454167 0.161250 0.048333
fruit 0.684375 0.370417 0.036250 0.039167
fruit 0.652500 0.367917 0.030000 0.037500
stem 0.523125 0.104583 0.066250 0.050833
stem 0.609375 0.197500 0.053750 0.073333
stem 0.645625 0.274167 0.031250 0.081667
stem 0.659375 0.357083 0.013750 0.075833
stem 0.657500 0.463333 0.017500 0.070000
stem 0.633750 0.623333 0.037500 0.090000
stem 0.598125 0.725000 0.056250 0.075000
stem 0.649375 0.721667 0.043750 0.058333
stem 0.436250 0.695833 0.022500 0.028333
stem 0.462500 0.759167 0.040000 0.066667
leaf 0.168750 0.366667 0.077500 0.041667
leaf 0.743750 0.440833 0.195000 0.103333
leaf 0.555625 0.526667 0.183750 0.101667
leaf 0.526250 0.629583 0.200000 0.099167
leaf 0.487500 0.770000 0.327500 0.176667
stem 0.522500 0.911250 0.070000 0.122500
