flower 0.500625 0.180000 0.051250 0.033333
flower 0.710625 0.070417 0.021250 0.020833
flower 0.655000 0.153333 0.030000 0.023333
flower 0.663125 0.182083 0.038750 0.022500
flower 0.861875 0.181250 0.041250 0.025833
flower 0.846875 0.233333 0.046250 0.030000
flower 0.687500 0.338333 0.047500 0.023333
flower 0.619375 0.287500 0.058750 0.028333
flower 0.123750 0.256250 0.032500 0.034167
flower 0.114375 0.331250 0.041250 0.025833
flower 0.123125 0.385000 0.048750 0.036667
flower 0.331875 0.387083 0.048750 0.024167
flower 0.489375 0.398333 0.026250 0.020000
flower 0.458125 0.430417 0.048750 0.024167
flower 0.424375 0.497500 0.046250 0.038333
flower 0.400625 0.517083 0.036250 0.015833
flower 0.361875 0.540417 0.041250 0.034167
flower 0.210000 0.586250 0.045000 0.029167
flower 0.208750 0.611250 0.042500 0.035833
flower 0.253750 0.644167 0.052500 0.035000
flower 0.646250 0.556667 0.030000 0.020000
flower 0.698125 0.548333 0.026250 0.020000
flower 0.707500 0.508750 0.025000 0.014167
flower 0.740000 0.515833 0.045000 0.031667
flower 0.802500 0.452500 0.045000 0.031667
flower 0.592500 0.412083 0.050000 0.032500
leaf 0.898125 0.072917 0.046250 0.022500
leaf 0.861250 0.039583 0.062500 0.050833
leaf 0.924375 0.136667 0.068750 0.033333
leaf 0.922500 0.260833 0.060000 0.035000
leaf 0.869375 0.290000 0.053750 0.036667
leaf 0.800000 0.534583 0.020000 0.012500
leaf 0.641250 0.608333 0.055000 0.035000
leaf 0.590625 0.585833 0.041250 0.043333
leaf 0.606875 0.557917 0.061250 0.027500
leaf 0.535625 0.558750 0.063750 0.035833
leaf 0.436875 0.564167 0.043750 0.035000
leaf 0.376250 0.572500 0.047500 0.028333
flower 0.390625 0.696667 0.028750 0.020000
leaf 0.363125 0.721667 0.031250 0.020000
leaf 0.353125 0.696667 0.046250 0.030000
leaf 0.558125 0.450417 0.053750 0.029167
flower 0.475000 0.370000 0.022500 0.013333
leaf 0.633750 0.358333 0.022500 0.021667
leaf 0.626250 0.319167 0.055000 0.036667
leaf 0.838750 0.203750 0.030000 0.040833
leaf 0.631875 0.174583 0.033750 0.019167
leaf 0.714375 0.039167 0.093750 0.055000
leaf 0.557500 0.266667 0.027500 0.026667
leaf 0.535000 0.251667 0.050000 0.048333
leaf 0.318125 0.413333 0.043750 0.020000
leaf 0.296875 0.397083 0.018750 0.015833
leaf 0.333125 0.317083 0.056250 0.042500
leaf 0.253750 0.299583 0.052500 0.032500
leaf 0.306250 0.255833 0.027500 0.013333
leaf 0.313125 0.187500 0.036250 0.028333
leaf 0.351875 0.119167 0.048750 0.035000
leaf 0.206250 0.053333 0.052500 0.073333
leaf 0.088750 0.144167 0.065000 0.038333
leaf 0.150625 0.228750 0.081250 0.062500
leaf 0.093125 0.271250 0.033750 0.019167
stem 0.153125 0.098333 0.053750 0.095000
stem 0.095000 0.206667 0.037500 0.085000
stem 0.133125 0.535000 0.108750 0.265000
stem 0.315000 0.152083 0.025000 0.042500
stem 0.298125 0.226667 0.028750 0.046667
stem 0.288125 0.280833 0.008750 0.033333
stem 0.276250 0.387500 0.027500 0.141667
stem 0.505000 0.317500 0.087500 0.083333
stem 0.442500 0.390000 0.035000 0.033333
stem 0.404375 0.439167 0.058750 0.085000
stem 0.368750 0.492083 0.057500 0.035833
stem 0.285625 0.566250 0.108750 0.112500
stem 0.708750 0.143333 0.042500 0.120000
stem 0.675000 0.261250 0.055000 0.135833
leaf 0.681875 0.357083 0.043750 0.020833
stem 0.637500 0.450000 0.065000 0.158333
stem 0.886250 0.178333 0.017500 0.193333
stem 0.845625 0.373750 0.061250 0.130833
stem 0.806875 0.499167 0.031250 0.061667
stem 0.773125 0.575833 0.036250 0.071667
stem 0.638750 0.581250 0.025000 0.017500
stem 0.479375 0.578750 0.051250 0.005833
stem 0.498750 0.647500 0.217500 0.076667
stem 0.238125 0.717917 0.191250 0.119167
stem 0.058125 0.335000 0.041250 0.146667
